0.000000000000000000e+00 1.000000000000000000e+00 7.305748692872972017e-01 4.785440351933990116e-02 7.737053876658005480e-01
1.111111111111111049e-01 8.888888888888888395e-01 7.382228478572366859e-01 8.426860780775287732e-03 7.665713400148955747e-01
2.222222222222222099e-01 7.777777777777777901e-01 7.408753193675674531e-01 8.500132104143343775e-03 7.702441004676352510e-01
3.333333333333333148e-01 6.666666666666667407e-01 7.471732582842075532e-01 7.254645766158182574e-03 7.637136276527762835e-01
4.444444444444444198e-01 5.555555555555555802e-01 7.405698533374036607e-01 1.053362308572606924e-02 7.693245188937749557e-01
5.555555555555555802e-01 4.444444444444444198e-01 7.470825317085255657e-01 1.243861952972527725e-02 7.672995877394852560e-01
6.666666666666666297e-01 3.333333333333333703e-01 7.473083621200355964e-01 1.582347302831377603e-03 7.680520281061141707e-01
7.777777777777776791e-01 2.222222222222223209e-01 7.607264288704610466e-01 7.505606174394894095e-03 7.794527872174855654e-01
8.888888888888888395e-01 1.111111111111111605e-01 7.682366647636565959e-01 8.608926184407110493e-03 7.924859036336953100e-01
1.000000000000000000e+00 0.000000000000000000e+00 7.779654391101576971e-01 3.072956654218693753e-02 7.989264533024058590e-01
