0.000000000000000000e+00 1.000000000000000000e+00 7.316087430497867361e-01 1.422948336491746367e-02 7.449956014310011865e-01
1.111111111111111049e-01 8.888888888888888395e-01 7.201201962887817665e-01 2.129959798938249951e-02 7.230563470735311693e-01
2.222222222222222099e-01 7.777777777777777901e-01 7.341837601795830892e-01 3.196179969867899914e-03 7.062807143034997015e-01
3.333333333333333148e-01 6.666666666666667407e-01 7.100391798149886524e-01 1.246676596926766731e-02 7.450127513042579253e-01
4.444444444444444198e-01 5.555555555555555802e-01 7.363485180369749861e-01 9.273514454912500093e-03 7.290299542977953795e-01
5.555555555555555802e-01 4.444444444444444198e-01 7.084033444710340355e-01 1.190881020916194181e-02 7.227614880870740777e-01
6.666666666666666297e-01 3.333333333333333703e-01 6.998107788229098736e-01 8.864490470043498091e-03 7.275254434296585249e-01
7.777777777777776791e-01 2.222222222222223209e-01 7.059354892868069387e-01 9.753084903021833063e-03 7.246208140954200072e-01
8.888888888888888395e-01 1.111111111111111605e-01 7.111706106850329556e-01 2.472776835799457909e-02 7.188711604283170020e-01
1.000000000000000000e+00 0.000000000000000000e+00 7.127466004140431410e-01 6.575050480632001031e-03 7.331199722652010919e-01
