0.000000000000000000e+00 1.000000000000000000e+00 6.998086169252500932e-01 8.342827201846617080e-02 8.349426783841451538e-01
5.000000000000000278e-02 9.499999999999999556e-01 6.271538930076138163e-01 2.466898650924351580e-02 7.946444716543447084e-01
1.000000000000000056e-01 9.000000000000000222e-01 6.110878135140697109e-01 2.383180307540736995e-02 6.564978989946591570e-01
1.500000000000000222e-01 8.499999999999999778e-01 6.264951648701978515e-01 1.741900840953477039e-02 7.266024995221045391e-01
2.000000000000000111e-01 8.000000000000000444e-01 6.260748997664798976e-01 9.900954757046860968e-03 7.246780018289187275e-01
2.500000000000000000e-01 7.500000000000000000e-01 6.185304273128442443e-01 2.102586220436511791e-02 6.407109055922085572e-01
3.000000000000000444e-01 6.999999999999999556e-01 6.169344799211939900e-01 1.749500245051879496e-02 7.182328719705306508e-01
3.500000000000000333e-01 6.499999999999999112e-01 6.141145077084788628e-01 2.796100386662469725e-02 6.256651547282439108e-01
4.000000000000000222e-01 5.999999999999999778e-01 6.179321392960058779e-01 2.145124565245921239e-02 6.945374004452706806e-01
4.500000000000000111e-01 5.500000000000000444e-01 6.136920096503815092e-01 2.026490018331186457e-02 6.535697494794814322e-01
5.000000000000000000e-01 5.000000000000000000e-01 6.200784625903118519e-01 2.558589706502125902e-02 7.924074456609055961e-01
5.500000000000000444e-01 4.499999999999999556e-01 6.105290510864969100e-01 1.789531581090185106e-02 6.697561958492845857e-01
6.000000000000000888e-01 3.999999999999999112e-01 6.144517124303602307e-01 1.803405276265525672e-02 7.046891138194588677e-01
6.500000000000000222e-01 3.499999999999999778e-01 6.339744974573537917e-01 3.124968444145139260e-02 7.364735508953816900e-01
7.000000000000000666e-01 2.999999999999999334e-01 6.120605083492601795e-01 1.764459281526046391e-02 7.064198143182627287e-01
7.500000000000000000e-01 2.500000000000000000e-01 6.162064225335234235e-01 2.430142344262611886e-02 6.748546968268928081e-01
8.000000000000000444e-01 1.999999999999999556e-01 6.179174548042509763e-01 2.192441008643089204e-02 6.824630470610724142e-01
8.500000000000000888e-01 1.499999999999999112e-01 6.169227417666300894e-01 2.596048362928878028e-02 6.292754022355344645e-01
9.000000000000000222e-01 9.999999999999997780e-02 6.134751264565726503e-01 2.063324965902533711e-02 6.453757807777553701e-01
9.500000000000000666e-01 4.999999999999993339e-02 6.378256554885681773e-01 5.822931567089213722e-02 8.062018928683631902e-01
1.000000000000000000e+00 0.000000000000000000e+00 9.406465370459425879e-01 3.071918004601341401e-02 9.748026625824693925e-01
