0.000000000000000000e+00 1.000000000000000000e+00 5.649019703762473421e-01 2.099131464819034565e-01 7.330076758878427690e-01
1.111111111111111049e-01 8.888888888888888395e-01 7.102721982453954475e-01 1.248656361615409216e-02 7.456395519324379162e-01
2.222222222222222099e-01 7.777777777777777901e-01 7.171817620504518098e-01 2.936928472776820405e-03 7.348298786933560311e-01
3.333333333333333148e-01 6.666666666666667407e-01 7.119119497926490459e-01 1.448952919095163050e-02 7.437405430766524939e-01
4.444444444444444198e-01 5.555555555555555802e-01 7.227400827919344684e-01 3.253457016371389017e-03 7.450612867280512752e-01
5.555555555555555802e-01 4.444444444444444198e-01 7.129707025078341198e-01 1.014521396995516841e-02 7.379570503403330983e-01
6.666666666666666297e-01 3.333333333333333703e-01 7.157157109566751885e-01 7.898056379324962586e-03 7.347592516567943433e-01
7.777777777777776791e-01 2.222222222222223209e-01 7.098467332908536820e-01 1.548171573499365801e-02 7.462952319512051735e-01
8.888888888888888395e-01 1.111111111111111605e-01 7.138315235800883896e-01 1.598970086264053098e-02 7.426749164271889692e-01
1.000000000000000000e+00 0.000000000000000000e+00 7.169803994664567526e-01 1.669259573949663164e-02 7.488523517734220203e-01
