0.000000000000000000e+00 1.000000000000000056e-01 9.655698956032696678e-01 5.335466126547163887e-03 9.674722776609708808e-01
0.000000000000000000e+00 2.000000000000000111e-01 9.669622548668536099e-01 5.139457173288935338e-03 9.733831748437339337e-01
0.000000000000000000e+00 3.000000000000000444e-01 8.652563027036851429e-01 9.505800550513755776e-02 9.626917973183062305e-01
0.000000000000000000e+00 4.000000000000000222e-01 9.696375998805111251e-01 1.160091142163174882e-02 9.737487148290054906e-01
0.000000000000000000e+00 5.000000000000000000e-01 9.399106682948329405e-01 2.390232736255964302e-02 9.598552950993778365e-01
0.000000000000000000e+00 5.999999999999999778e-01 9.250315645613905735e-01 4.755430343305579177e-02 9.739426869974205925e-01
0.000000000000000000e+00 7.000000000000000666e-01 9.368946767932198050e-01 2.503739410405645890e-02 9.606214914277044770e-01
0.000000000000000000e+00 8.000000000000000444e-01 9.468541450176327645e-01 4.039871206413791355e-02 9.700690335305720557e-01
0.000000000000000000e+00 9.000000000000000222e-01 9.545891078173553979e-01 8.550087620451613316e-03 9.627456000606888775e-01
0.000000000000000000e+00 1.000000000000000000e+00 6.525348690490765380e-01 2.779869769528271750e-02 6.911961865037985486e-01
1.000000000000000056e-01 1.000000000000000056e-01 9.627288779153495568e-01 1.490694972850173557e-02 9.695338876022354668e-01
1.000000000000000056e-01 2.000000000000000111e-01 9.556530469754052071e-01 2.887124350199169603e-02 9.744922462832320553e-01
1.000000000000000056e-01 3.000000000000000444e-01 9.612046233313543686e-01 1.409183706758357184e-02 9.666040813230162287e-01
1.000000000000000056e-01 4.000000000000000222e-01 9.458576732512308238e-01 1.860744351419570466e-02 9.677903580640268011e-01
1.000000000000000056e-01 5.000000000000000000e-01 9.005145055687098221e-01 6.163788628715016760e-02 9.535900491583495509e-01
1.000000000000000056e-01 5.999999999999999778e-01 9.575149947410720452e-01 1.826687383800289222e-02 9.707238936856747991e-01
1.000000000000000056e-01 7.000000000000000666e-01 9.687265846205891373e-01 6.009199082089780944e-03 9.715300536272902798e-01
1.000000000000000056e-01 8.000000000000000444e-01 9.228871241200153897e-01 6.532309500533936553e-02 9.719657753612394036e-01
1.000000000000000056e-01 9.000000000000000222e-01 9.696845251623532613e-01 1.221182720284570353e-02 9.800198156468901134e-01
1.000000000000000056e-01 1.000000000000000000e+00 8.276831716650535631e-01 1.646169717767612117e-01 9.679009644563504322e-01
2.000000000000000111e-01 1.000000000000000056e-01 9.713170999230890112e-01 5.731352901768609759e-03 9.748715179502459582e-01
2.000000000000000111e-01 2.000000000000000111e-01 9.666059290606460186e-01 4.800042510408828941e-03 9.782269477133919144e-01
2.000000000000000111e-01 3.000000000000000444e-01 9.709539704328852272e-01 6.002263920993561666e-03 9.704044391479219600e-01
2.000000000000000111e-01 4.000000000000000222e-01 9.723347507823776326e-01 1.006346996635841887e-02 9.764186686873647103e-01
2.000000000000000111e-01 5.000000000000000000e-01 9.392486766975892687e-01 3.912592318473937653e-02 9.607551964800485900e-01
2.000000000000000111e-01 5.999999999999999778e-01 9.400852870654553550e-01 6.070524033806572010e-03 9.548851109786981040e-01
2.000000000000000111e-01 7.000000000000000666e-01 9.449462287993259935e-01 2.374805118351042479e-02 9.764480186131893058e-01
2.000000000000000111e-01 8.000000000000000444e-01 9.597873122106271859e-01 1.124945904632874451e-02 9.684939669298376907e-01
2.000000000000000111e-01 9.000000000000000222e-01 9.574431019356420824e-01 2.264772837618877696e-02 9.889784746015194417e-01
2.000000000000000111e-01 1.000000000000000000e+00 9.704164445014814566e-01 8.519674172917185428e-03 9.767065767913004626e-01
3.000000000000000444e-01 1.000000000000000056e-01 9.690227348280217035e-01 6.431352885608525305e-03 9.792845970504989728e-01
3.000000000000000444e-01 2.000000000000000111e-01 9.665233310213497964e-01 8.127745809698150997e-03 9.734647326083717411e-01
3.000000000000000444e-01 3.000000000000000444e-01 9.392881730060559375e-01 4.212888461798015155e-02 9.759021674363176357e-01
3.000000000000000444e-01 4.000000000000000222e-01 9.592838738757825112e-01 1.477669492879896129e-02 9.725880586713911979e-01
3.000000000000000444e-01 5.000000000000000000e-01 9.659967367904234159e-01 1.192374942848915299e-02 9.729331148517801342e-01
3.000000000000000444e-01 5.999999999999999778e-01 9.683311965035112934e-01 7.136517963179300414e-03 9.771404364665574604e-01
3.000000000000000444e-01 7.000000000000000666e-01 9.531394434800869453e-01 2.137018945855222868e-02 9.594323698983461268e-01
3.000000000000000444e-01 8.000000000000000444e-01 9.710276964616647577e-01 7.230201813128991559e-03 9.776291307797119190e-01
3.000000000000000444e-01 9.000000000000000222e-01 9.404122245746405762e-01 4.469427557093230002e-02 9.734676670544413213e-01
3.000000000000000444e-01 1.000000000000000000e+00 9.222572391116022894e-01 6.257046948697138344e-02 9.754949931725079848e-01
4.000000000000000222e-01 1.000000000000000056e-01 9.679669862688969895e-01 1.095554260148133736e-02 9.743615057045582617e-01
4.000000000000000222e-01 2.000000000000000111e-01 9.743191911751186707e-01 4.143858913111329000e-03 9.748603455980933141e-01
4.000000000000000222e-01 3.000000000000000444e-01 9.734210859176951613e-01 8.589377600712167979e-03 9.816968940861016124e-01
4.000000000000000222e-01 4.000000000000000222e-01 9.634420519733742916e-01 6.425482218792332931e-03 9.823765455087145604e-01
4.000000000000000222e-01 5.000000000000000000e-01 9.467238240224623569e-01 1.192563993823749467e-02 9.786636004766869901e-01
4.000000000000000222e-01 5.999999999999999778e-01 9.621694108416557478e-01 3.837173040815533825e-03 9.709407120512437706e-01
4.000000000000000222e-01 7.000000000000000666e-01 9.612627773319667446e-01 1.583630132975390875e-02 9.827861984209742552e-01
4.000000000000000222e-01 8.000000000000000444e-01 9.418324624511930088e-01 1.912356695177720375e-02 9.586779726138510149e-01
4.000000000000000222e-01 9.000000000000000222e-01 9.506236877869196356e-01 2.029919744418264352e-02 9.746797259049604367e-01
4.000000000000000222e-01 1.000000000000000000e+00 8.020519147706810514e-01 1.731358451429655942e-01 9.436038283926708736e-01
5.000000000000000000e-01 1.000000000000000056e-01 9.546047612960798512e-01 1.272500607542705574e-02 9.707517827340312877e-01
5.000000000000000000e-01 2.000000000000000111e-01 9.734596399976732650e-01 6.197513952170573270e-03 9.732853417576513566e-01
5.000000000000000000e-01 3.000000000000000444e-01 9.740101667277505371e-01 4.082465159552189568e-03 9.809567257559957953e-01
5.000000000000000000e-01 4.000000000000000222e-01 9.743827467822629984e-01 8.698137048171834459e-03 9.741498304819437015e-01
5.000000000000000000e-01 5.000000000000000000e-01 8.021701169443837820e-01 2.306018049650079005e-01 9.816075152688812366e-01
5.000000000000000000e-01 5.999999999999999778e-01 9.653501187400976846e-01 1.516434685465919627e-02 9.700230530326477973e-01
5.000000000000000000e-01 7.000000000000000666e-01 9.631392789671148202e-01 1.857025904880713063e-02 9.752313307790004826e-01
5.000000000000000000e-01 8.000000000000000444e-01 9.585228741382393336e-01 1.780562689456779632e-02 9.685075295900615888e-01
5.000000000000000000e-01 9.000000000000000222e-01 9.675885840075965083e-01 1.347344352543115246e-03 9.834714360196633587e-01
5.000000000000000000e-01 1.000000000000000000e+00 8.881957029805533921e-01 8.037817372534543370e-02 9.749369421290614568e-01
6.000000000000000888e-01 1.000000000000000056e-01 9.562608892307599140e-01 1.184723062405624791e-02 9.666590805644059703e-01
6.000000000000000888e-01 2.000000000000000111e-01 9.658545370710274192e-01 1.093279329227892817e-02 9.848474973931177212e-01
6.000000000000000888e-01 3.000000000000000444e-01 9.764816960118217759e-01 6.160721946240732549e-03 9.776922775898198026e-01
6.000000000000000888e-01 4.000000000000000222e-01 9.551341712896942449e-01 5.075315094821913724e-03 9.766432667957694047e-01
6.000000000000000888e-01 5.000000000000000000e-01 9.384365665370620890e-01 5.257336114345634998e-02 9.707212255105996945e-01
6.000000000000000888e-01 5.999999999999999778e-01 9.674624416368574620e-01 1.599645959234312007e-02 9.804223149113658886e-01
6.000000000000000888e-01 7.000000000000000666e-01 9.454999116986694263e-01 4.915927979447682478e-02 9.706989907183083410e-01
6.000000000000000888e-01 8.000000000000000444e-01 8.893866662365822462e-01 1.023193555378322794e-01 9.738315581707135404e-01
6.000000000000000888e-01 9.000000000000000222e-01 9.540248440083942683e-01 1.721778086896996740e-02 9.749627588261581268e-01
6.000000000000000888e-01 1.000000000000000000e+00 8.941928096027454975e-01 4.645266104158450593e-02 9.275127983464429571e-01
7.000000000000000666e-01 1.000000000000000056e-01 9.397473074393151160e-01 4.823671935216381629e-02 9.744148692060579098e-01
7.000000000000000666e-01 2.000000000000000111e-01 9.536885723269149517e-01 2.415751894055853666e-02 9.746517950245793260e-01
7.000000000000000666e-01 3.000000000000000444e-01 9.737258281050764630e-01 9.043650132521036111e-03 9.774414691327719673e-01
7.000000000000000666e-01 4.000000000000000222e-01 9.272844159991858737e-01 4.678819989097014742e-02 9.776022270221957911e-01
7.000000000000000666e-01 5.000000000000000000e-01 9.686195201676698341e-01 1.066300751846695639e-03 9.871918292864590994e-01
7.000000000000000666e-01 5.999999999999999778e-01 9.605132982090788252e-01 1.655476359317642129e-02 9.768962720257851062e-01
7.000000000000000666e-01 7.000000000000000666e-01 9.740936881575080752e-01 9.448419709034918887e-03 9.779085356770446102e-01
7.000000000000000666e-01 8.000000000000000444e-01 9.352347526948655565e-01 3.621023808409336298e-02 9.578243706241621469e-01
7.000000000000000666e-01 9.000000000000000222e-01 9.200322549316620746e-01 2.482246946884854311e-02 9.462796067332043259e-01
7.000000000000000666e-01 1.000000000000000000e+00 9.639496872390873605e-01 8.690869533265820762e-03 9.739189804278561846e-01
8.000000000000000444e-01 1.000000000000000056e-01 9.624602579154020177e-01 1.259133330645303452e-02 9.744557812238741068e-01
8.000000000000000444e-01 2.000000000000000111e-01 9.746946997777273802e-01 8.766972254555025976e-03 9.807227658928842073e-01
8.000000000000000444e-01 3.000000000000000444e-01 9.555266465724198133e-01 1.440367900884367315e-02 9.625272598553492598e-01
8.000000000000000444e-01 4.000000000000000222e-01 9.714488705265337254e-01 6.354710487390157272e-03 9.829882317890659138e-01
8.000000000000000444e-01 5.000000000000000000e-01 9.742390198019243996e-01 5.027188557682860971e-03 9.866862803515566993e-01
8.000000000000000444e-01 5.999999999999999778e-01 9.740514111869990055e-01 9.910140539319451519e-03 9.810125875167585718e-01
8.000000000000000444e-01 7.000000000000000666e-01 9.713543221015069618e-01 4.798072297909948027e-03 9.842227767019215978e-01
8.000000000000000444e-01 8.000000000000000444e-01 9.364030445377075074e-01 1.483104760395014335e-02 9.686764486816623609e-01
8.000000000000000444e-01 9.000000000000000222e-01 9.513570243941115168e-01 3.001979090364002498e-02 9.733725607031132876e-01
8.000000000000000444e-01 1.000000000000000000e+00 9.416861048517981558e-01 3.498048715830584521e-02 9.659621074192080714e-01
9.000000000000000222e-01 1.000000000000000056e-01 9.594477253273806516e-01 1.406176125620724887e-02 9.721282431668035739e-01
9.000000000000000222e-01 2.000000000000000111e-01 9.619683264377053566e-01 9.021766588678932497e-03 9.664159094294653141e-01
9.000000000000000222e-01 3.000000000000000444e-01 9.754073443373064700e-01 7.098207009892457987e-03 9.749867243210438295e-01
9.000000000000000222e-01 4.000000000000000222e-01 9.529616779175470453e-01 3.267723950646927306e-02 9.797227588218762051e-01
9.000000000000000222e-01 5.000000000000000000e-01 9.685531514645556728e-01 2.848175593306192903e-03 9.836762624757933171e-01
9.000000000000000222e-01 5.999999999999999778e-01 9.717771991691032119e-01 8.043032159754518948e-03 9.756656859824222039e-01
9.000000000000000222e-01 7.000000000000000666e-01 9.738839357164242871e-01 1.062542848093520412e-02 9.868724862207656212e-01
9.000000000000000222e-01 8.000000000000000444e-01 9.686173613980256780e-01 1.065951584554661324e-02 9.806361640892095055e-01
9.000000000000000222e-01 9.000000000000000222e-01 9.733913919003781556e-01 2.190399746337568562e-03 9.821987189036198718e-01
9.000000000000000222e-01 1.000000000000000000e+00 9.635629881019447396e-01 1.775392888061063865e-02 9.861099731863548490e-01
1.000000000000000000e+00 1.000000000000000056e-01 9.596393279407022803e-01 1.518971165411409606e-02 9.708224713242961101e-01
1.000000000000000000e+00 2.000000000000000111e-01 9.571545605991143013e-01 1.630226931831429277e-02 9.752901684114702041e-01
1.000000000000000000e+00 3.000000000000000444e-01 9.274839629276351305e-01 4.147144781974407973e-02 9.503658945329956920e-01
1.000000000000000000e+00 4.000000000000000222e-01 9.707550930538456635e-01 9.937486949735896413e-03 9.719236830777220337e-01
1.000000000000000000e+00 5.000000000000000000e-01 9.449287981803268233e-01 4.289043040238262744e-02 9.825394756442722421e-01
1.000000000000000000e+00 5.999999999999999778e-01 9.604987455397192564e-01 2.010064531099156962e-02 9.846408088782958590e-01
1.000000000000000000e+00 7.000000000000000666e-01 9.728632130589019988e-01 7.725517572588123938e-03 9.804576940265157248e-01
1.000000000000000000e+00 8.000000000000000444e-01 9.491006947940151539e-01 2.358437053714172379e-02 9.647605223931039475e-01
1.000000000000000000e+00 9.000000000000000222e-01 9.667764805223789670e-01 9.588261018667094612e-03 9.812788619097272402e-01
1.000000000000000000e+00 1.000000000000000000e+00 9.716266319854590661e-01 4.185705354123565175e-03 9.793153210189184943e-01
