0.000000000000000000e+00 1.000000000000000000e+00 9.523540129818822697e-01 4.795224720049172037e-03 9.589488810612831760e-01
1.111111111111111049e-01 8.888888888888888395e-01 9.522404426348843876e-01 5.301776716328833287e-03 9.606575188826385059e-01
2.222222222222222099e-01 7.777777777777777901e-01 9.557178656769532710e-01 1.893662430335449950e-03 9.587210626851024875e-01
3.333333333333333148e-01 6.666666666666667407e-01 9.561058469132586168e-01 1.380632640172604290e-03 9.558119972661794916e-01
4.444444444444444198e-01 5.555555555555555802e-01 8.914504654262312977e-01 9.508278814278273150e-02 9.540525256557389477e-01
5.555555555555555802e-01 4.444444444444444198e-01 9.583389464187300755e-01 1.331914291614139535e-03 9.609466729754831960e-01
6.666666666666666297e-01 3.333333333333333703e-01 9.534854022630264714e-01 4.671512469552472485e-03 9.574592993708708200e-01
7.777777777777776791e-01 2.222222222222223209e-01 9.611322540625920618e-01 2.964088400020492130e-03 9.597812943588666101e-01
8.888888888888888395e-01 1.111111111111111605e-01 9.578903050825923193e-01 1.778641158096875077e-03 9.601317841683753018e-01
1.000000000000000000e+00 0.000000000000000000e+00 9.076233941841187480e-01 7.477181319773340551e-02 9.624012056849446939e-01
