0.000000000000000000e+00 1.000000000000000056e-01 5.362922970387850041e-01 6.461391596069188115e-02 5.991506612238755025e-01
0.000000000000000000e+00 2.000000000000000111e-01 6.224322596763650628e-01 3.390183637681260399e-03 6.500737266193732378e-01
0.000000000000000000e+00 3.000000000000000444e-01 6.150267499908913527e-01 4.934278933299553367e-03 6.418314388881793953e-01
0.000000000000000000e+00 4.000000000000000222e-01 6.162687702513537369e-01 6.417521621437570489e-03 6.443137619152666806e-01
0.000000000000000000e+00 5.000000000000000000e-01 6.176127277789099645e-01 4.408738436345360605e-03 6.515784462840622515e-01
0.000000000000000000e+00 5.999999999999999778e-01 6.228198428671860576e-01 4.540315499119367861e-03 6.517240730638272916e-01
0.000000000000000000e+00 7.000000000000000666e-01 5.584779217813864438e-01 9.914818976882197599e-02 6.421443217517259772e-01
0.000000000000000000e+00 8.000000000000000444e-01 5.678067681395355670e-01 9.033476919374458514e-02 6.667462235933707682e-01
0.000000000000000000e+00 9.000000000000000222e-01 5.584464339403670818e-01 1.056522187882060482e-01 6.542095411877574263e-01
0.000000000000000000e+00 1.000000000000000000e+00 6.265037714304019234e-01 5.790297810173529632e-03 6.607635059039347336e-01
1.000000000000000056e-01 1.000000000000000056e-01 6.261549520560428794e-01 1.454047541118309167e-02 6.561377189187155290e-01
1.000000000000000056e-01 2.000000000000000111e-01 6.235934550676076604e-01 8.282604631578345880e-03 6.550431253409583210e-01
1.000000000000000056e-01 3.000000000000000444e-01 6.369210837528181957e-01 1.015968709447510714e-02 6.583433661280310156e-01
1.000000000000000056e-01 4.000000000000000222e-01 5.776657717742722520e-01 9.939144206877818799e-02 6.586114298613593432e-01
1.000000000000000056e-01 5.000000000000000000e-01 5.558992519260959053e-01 1.015547537691548485e-01 6.600269944882334316e-01
1.000000000000000056e-01 5.999999999999999778e-01 5.877378826193925265e-01 6.136910288947873549e-02 6.413389548336123624e-01
1.000000000000000056e-01 7.000000000000000666e-01 5.756618068422807433e-01 8.180499960832342266e-02 6.574686318403281104e-01
1.000000000000000056e-01 8.000000000000000444e-01 6.242812124237738791e-01 1.102161848132063304e-02 6.551091966701112490e-01
1.000000000000000056e-01 9.000000000000000222e-01 6.290337789933575507e-01 9.978987138634716481e-03 6.537194208686969432e-01
1.000000000000000056e-01 1.000000000000000000e+00 6.263020215535878288e-01 9.022576481586976060e-03 6.495631031433999336e-01
2.000000000000000111e-01 1.000000000000000056e-01 6.242812297394012555e-01 1.216887521521541581e-02 6.548573618766343474e-01
2.000000000000000111e-01 2.000000000000000111e-01 6.255980241087547578e-01 1.345129854479659021e-02 6.519262965819523359e-01
2.000000000000000111e-01 3.000000000000000444e-01 6.248643751819925596e-01 1.258692239722036116e-02 6.562153163152053548e-01
2.000000000000000111e-01 4.000000000000000222e-01 5.621976654579545762e-01 9.932211344224710359e-02 6.576520438683948200e-01
2.000000000000000111e-01 5.000000000000000000e-01 5.623643110738026918e-01 9.224453813055087659e-02 6.581387911736488183e-01
2.000000000000000111e-01 5.999999999999999778e-01 5.608814063061654531e-01 9.592002952510143843e-02 6.565409902368366524e-01
2.000000000000000111e-01 7.000000000000000666e-01 5.611044515605229099e-01 9.267059065759269965e-02 6.471458266709305684e-01
2.000000000000000111e-01 8.000000000000000444e-01 6.286344180279432869e-01 1.433427294115357381e-02 6.675856863372147121e-01
2.000000000000000111e-01 9.000000000000000222e-01 5.740903766109818340e-01 9.504175092340690079e-02 6.664229011079967346e-01
2.000000000000000111e-01 1.000000000000000000e+00 6.273384189611773687e-01 1.214555920262669342e-02 6.549996237701987134e-01
3.000000000000000444e-01 1.000000000000000056e-01 6.210919187231392913e-01 6.750788290389770144e-03 6.537122124193457395e-01
3.000000000000000444e-01 2.000000000000000111e-01 5.670625125932678978e-01 9.112474411218079995e-02 6.557850034801256944e-01
3.000000000000000444e-01 3.000000000000000444e-01 6.090861730251786454e-01 1.838582790482713378e-02 6.455762429692055715e-01
3.000000000000000444e-01 4.000000000000000222e-01 6.326261232332837103e-01 1.226668484364177268e-02 6.655951955454391111e-01
3.000000000000000444e-01 5.000000000000000000e-01 6.239462585622678192e-01 1.201338749046106102e-02 6.545646080626046359e-01
3.000000000000000444e-01 5.999999999999999778e-01 5.590942023255189852e-01 9.679073992531450621e-02 6.570994563479373163e-01
3.000000000000000444e-01 7.000000000000000666e-01 6.273808302982266660e-01 1.573674738005489612e-02 6.609816776086834267e-01
3.000000000000000444e-01 8.000000000000000444e-01 6.180640390682935470e-01 6.911303583107657363e-03 6.486096436740238502e-01
3.000000000000000444e-01 9.000000000000000222e-01 6.255339835845660224e-01 1.082616539068662238e-02 6.499622659034705041e-01
3.000000000000000444e-01 1.000000000000000000e+00 5.727322546980987417e-01 8.152516922653341158e-02 6.562023834157904023e-01
4.000000000000000222e-01 1.000000000000000056e-01 6.202894673693311045e-01 8.699902521701512528e-03 6.522147012040079295e-01
4.000000000000000222e-01 2.000000000000000111e-01 6.248259963079348944e-01 1.014642223245664117e-02 6.546774770029534229e-01
4.000000000000000222e-01 3.000000000000000444e-01 6.198113619179256295e-01 9.162208569024849619e-03 6.468307342124569592e-01
4.000000000000000222e-01 4.000000000000000222e-01 6.244631538535383442e-01 6.650777407754644363e-03 6.490787075201152057e-01
4.000000000000000222e-01 5.000000000000000000e-01 6.235338843934455921e-01 1.489416039144182344e-02 6.586043755525875509e-01
4.000000000000000222e-01 5.999999999999999778e-01 5.684819579252454735e-01 8.300918517176812672e-02 6.550113809514851448e-01
4.000000000000000222e-01 7.000000000000000666e-01 6.255757726946301611e-01 1.284593965593690788e-02 6.427474651517146587e-01
4.000000000000000222e-01 8.000000000000000444e-01 6.266299878130917600e-01 1.096051318387896052e-02 6.570841720122649887e-01
4.000000000000000222e-01 9.000000000000000222e-01 6.252933265500285609e-01 1.761691597213138616e-02 6.525506029082563941e-01
4.000000000000000222e-01 1.000000000000000000e+00 5.801762103674303894e-01 8.107187762967657529e-02 6.547621287082149300e-01
5.000000000000000000e-01 1.000000000000000056e-01 5.548380343346180910e-01 9.943360274512198782e-02 6.455186327809027125e-01
5.000000000000000000e-01 2.000000000000000111e-01 6.253816196968968733e-01 7.945559629267878732e-03 6.505102810899928700e-01
5.000000000000000000e-01 3.000000000000000444e-01 5.906452537710694672e-01 5.598049102054247078e-02 6.523248650275588201e-01
5.000000000000000000e-01 4.000000000000000222e-01 6.231175424221006010e-01 1.246816848092414769e-02 6.537933369702213504e-01
5.000000000000000000e-01 5.000000000000000000e-01 5.533823260990510251e-01 9.808813015385479950e-02 6.414306608476457727e-01
5.000000000000000000e-01 5.999999999999999778e-01 6.284712296400277731e-01 1.325270526318658715e-02 6.575297691830169766e-01
5.000000000000000000e-01 7.000000000000000666e-01 6.259748420225519361e-01 1.505941095034295761e-02 6.583245546379727919e-01
5.000000000000000000e-01 8.000000000000000444e-01 5.740146984669124430e-01 7.869979082821218497e-02 6.508305272860663848e-01
5.000000000000000000e-01 9.000000000000000222e-01 6.281955233803828698e-01 1.527291291007100947e-02 6.583786376718899769e-01
5.000000000000000000e-01 1.000000000000000000e+00 6.029509035548771267e-01 3.240611042135054659e-02 6.438984931996463157e-01
6.000000000000000888e-01 1.000000000000000056e-01 5.705406250815420188e-01 8.138895129586184995e-02 6.647228126939934700e-01
6.000000000000000888e-01 2.000000000000000111e-01 6.217130200634691795e-01 9.557491992235036746e-03 6.467391935352784227e-01
6.000000000000000888e-01 3.000000000000000444e-01 5.554137923078676931e-01 1.061201096013603545e-01 6.491809947515941870e-01
6.000000000000000888e-01 4.000000000000000222e-01 5.632415997334446756e-01 9.512620574516618410e-02 6.551465885362779407e-01
6.000000000000000888e-01 5.000000000000000000e-01 5.910744150910020034e-01 5.314010250765632132e-02 6.458313738031189466e-01
6.000000000000000888e-01 5.999999999999999778e-01 6.076982335615369601e-01 3.065539926963768702e-02 6.533077653830959841e-01
6.000000000000000888e-01 7.000000000000000666e-01 6.229006017258883476e-01 8.991368684248494253e-03 6.508587445211535538e-01
6.000000000000000888e-01 8.000000000000000444e-01 6.275801243416472275e-01 9.069746763089293201e-03 6.550689911397881149e-01
6.000000000000000888e-01 9.000000000000000222e-01 6.212662003823918866e-01 1.288684674601039970e-02 6.523142835644011317e-01
6.000000000000000888e-01 1.000000000000000000e+00 5.669834458519532605e-01 9.187067444688659656e-02 6.548256174871612822e-01
7.000000000000000666e-01 1.000000000000000056e-01 6.233604892214171800e-01 8.135706851981967108e-03 6.445851125867679832e-01
7.000000000000000666e-01 2.000000000000000111e-01 5.512525904363602125e-01 1.007128737914427946e-01 6.456467860569234940e-01
7.000000000000000666e-01 3.000000000000000444e-01 6.236607285678164025e-01 8.432354523252650821e-03 6.610193005887996520e-01
7.000000000000000666e-01 4.000000000000000222e-01 5.589269361292389382e-01 1.023948353987620963e-01 6.613496773829455888e-01
7.000000000000000666e-01 5.000000000000000000e-01 5.827127257690524198e-01 5.307912404773619530e-02 6.376507270640906500e-01
7.000000000000000666e-01 5.999999999999999778e-01 6.253915906509427414e-01 1.470905748426470060e-02 6.584538836321225386e-01
7.000000000000000666e-01 7.000000000000000666e-01 5.689770812538620381e-01 7.839666141653227338e-02 6.496653906205910323e-01
7.000000000000000666e-01 8.000000000000000444e-01 5.747022517068300917e-01 7.073673138564350038e-02 6.470529449387687482e-01
7.000000000000000666e-01 9.000000000000000222e-01 6.216135383520575708e-01 1.167257802110114283e-02 6.578860117759928183e-01
7.000000000000000666e-01 1.000000000000000000e+00 6.249346827277311167e-01 1.381728472535693683e-02 6.480511296299780177e-01
8.000000000000000444e-01 1.000000000000000056e-01 6.206024762949499118e-01 1.040609488067184389e-02 6.474044846592298397e-01
8.000000000000000444e-01 2.000000000000000111e-01 5.626837140418504690e-01 9.649936028772478080e-02 6.518604563667489415e-01
8.000000000000000444e-01 3.000000000000000444e-01 6.241389749871700809e-01 1.015736425527912455e-02 6.522613762486126898e-01
8.000000000000000444e-01 4.000000000000000222e-01 6.256230076129517537e-01 9.129251712850337472e-03 6.542260012415582748e-01
8.000000000000000444e-01 5.000000000000000000e-01 6.303979225846475520e-01 1.373032885987634372e-02 6.588230591245132217e-01
8.000000000000000444e-01 5.999999999999999778e-01 5.908588037324732367e-01 4.601624712989613175e-02 6.495560488346281414e-01
8.000000000000000444e-01 7.000000000000000666e-01 6.253845428692677011e-01 1.300114997340278203e-02 6.564539870953178813e-01
8.000000000000000444e-01 8.000000000000000444e-01 6.222810494844658313e-01 9.209827081563587772e-03 6.587983690438119488e-01
8.000000000000000444e-01 9.000000000000000222e-01 5.618077818471981510e-01 9.665419389751327139e-02 6.566221147877123743e-01
8.000000000000000444e-01 1.000000000000000000e+00 6.241578776668920137e-01 9.972569419167487750e-03 6.560577700859684391e-01
9.000000000000000222e-01 1.000000000000000056e-01 6.254494351914238193e-01 1.172296587058311787e-02 6.515935683515491350e-01
9.000000000000000222e-01 2.000000000000000111e-01 6.184364274776660286e-01 1.175591963856728595e-02 6.439502247973062365e-01
9.000000000000000222e-01 3.000000000000000444e-01 6.202202288273648279e-01 8.818460661649188750e-03 6.531102447374856901e-01
9.000000000000000222e-01 4.000000000000000222e-01 6.253195924509161729e-01 1.205980605303275457e-02 6.487483304802573736e-01
9.000000000000000222e-01 5.000000000000000000e-01 6.247550473594813969e-01 1.190732211495937679e-02 6.506612238755431488e-01
9.000000000000000222e-01 5.999999999999999778e-01 6.227125112254606742e-01 6.645867732772574137e-03 6.526446603585470685e-01
9.000000000000000222e-01 7.000000000000000666e-01 6.268842560580619727e-01 1.637563661893526659e-02 6.499934159784795940e-01
9.000000000000000222e-01 8.000000000000000444e-01 6.246146776334380313e-01 1.464791305614325002e-02 6.533395097725691603e-01
9.000000000000000222e-01 9.000000000000000222e-01 6.265114137337581823e-01 1.324150697617193159e-02 6.588512763596006128e-01
9.000000000000000222e-01 1.000000000000000000e+00 6.313720885897096124e-01 9.545327593987414094e-03 6.552112530333528140e-01
1.000000000000000000e+00 1.000000000000000056e-01 6.256224148852939093e-01 9.265145099800564318e-03 6.496136590229311114e-01
1.000000000000000000e+00 2.000000000000000111e-01 6.232515580306835501e-01 6.533653491176193845e-03 6.473290064902647023e-01
1.000000000000000000e+00 3.000000000000000444e-01 6.230917577204890812e-01 8.242967110391578173e-03 6.528138025519860665e-01
1.000000000000000000e+00 4.000000000000000222e-01 6.250794299553955602e-01 1.154287423017669179e-02 6.542706785304464034e-01
1.000000000000000000e+00 5.000000000000000000e-01 6.253456917230429957e-01 7.936659336913422930e-03 6.505602062023245757e-01
1.000000000000000000e+00 5.999999999999999778e-01 6.254221898718012040e-01 1.028959630432793419e-02 6.441477318905362015e-01
1.000000000000000000e+00 7.000000000000000666e-01 6.218830985432677316e-01 6.803579512519132740e-03 6.486119657722717591e-01
1.000000000000000000e+00 8.000000000000000444e-01 5.655860560746969190e-01 8.824002786080127614e-02 6.531560977445023397e-01
1.000000000000000000e+00 9.000000000000000222e-01 5.539249862649557876e-01 9.481849660175027672e-02 6.509198818638424200e-01
1.000000000000000000e+00 1.000000000000000000e+00 5.573211263881551192e-01 1.040448578935780216e-01 6.555992400158017208e-01
