0.000000000000000000e+00 1.000000000000000000e+00 6.874982907201238058e-01 1.245288335688206870e-02 7.237838345557605635e-01
1.111111111111111049e-01 8.888888888888888395e-01 5.511518975093282480e-01 7.623764469356471285e-02 6.336899288664269436e-01
2.222222222222222099e-01 7.777777777777777901e-01 6.830715906281574767e-01 6.217107785970557229e-03 6.762238396480964031e-01
3.333333333333333148e-01 6.666666666666667407e-01 6.027795482331032018e-01 1.019429290494214824e-01 6.989071663100119292e-01
4.444444444444444198e-01 5.555555555555555802e-01 6.247464608753613424e-01 7.669298083349210260e-02 6.713494617508207751e-01
5.555555555555555802e-01 4.444444444444444198e-01 6.137965684542222577e-01 6.123978715399371053e-02 6.940555727984056844e-01
6.666666666666666297e-01 3.333333333333333703e-01 6.497728096758222938e-01 6.320098443279084655e-02 7.280677752911772771e-01
7.777777777777776791e-01 2.222222222222223209e-01 6.903068276917654345e-01 5.152541087162469668e-02 7.350143750918861629e-01
8.888888888888888395e-01 1.111111111111111605e-01 6.908164802310458041e-01 5.812017195046437212e-02 7.480295506150251850e-01
1.000000000000000000e+00 0.000000000000000000e+00 5.626469270847328508e-01 1.276830392247275403e-01 6.533765130600976967e-01
