0.000000000000000000e+00 1.000000000000000000e+00 9.838607750439818389e-01 6.181088055267523577e-03 9.962785846246320354e-01
1.111111111111111049e-01 8.888888888888888395e-01 7.948511613462928560e-01 2.154722434315458623e-01 9.972126215794948623e-01
2.222222222222222099e-01 7.777777777777777901e-01 8.117701000658202881e-01 2.299035602732054095e-01 9.961666180496011602e-01
3.333333333333333148e-01 6.666666666666667407e-01 6.724190659403433967e-01 2.087114311447371695e-01 9.720305647239680935e-01
4.444444444444444198e-01 5.555555555555555802e-01 6.661015294282095489e-01 2.159890880039006811e-01 9.744449970610842282e-01
5.555555555555555802e-01 4.444444444444444198e-01 8.172992884862706475e-01 2.314178004884949458e-01 9.960458120081204791e-01
6.666666666666666297e-01 3.333333333333333703e-01 8.207184410244262596e-01 2.224389416049234458e-01 9.953386546921361155e-01
7.777777777777776791e-01 2.222222222222223209e-01 8.239772788137277315e-01 2.223879613410504608e-01 9.914669683871214501e-01
8.888888888888888395e-01 1.111111111111111605e-01 8.185016479606946893e-01 2.316471787065706167e-01 9.948760559479297161e-01
1.000000000000000000e+00 0.000000000000000000e+00 8.113068277276990203e-01 2.428024948706894726e-01 9.949173067913621438e-01
