0.000000000000000000e+00 1.000000000000000000e+00 9.837979521914825831e-01 9.237020330731796416e-03 9.904662524308684990e-01
5.000000000000000278e-02 9.499999999999999556e-01 9.919307394998320149e-01 2.971243790495426643e-03 9.911302945501114792e-01
1.000000000000000056e-01 9.000000000000000222e-01 9.911671076593157048e-01 2.360471404705082651e-03 9.901342313712470089e-01
1.500000000000000222e-01 8.499999999999999778e-01 9.909087671324621205e-01 3.492624301741646588e-03 9.891676016455629439e-01
2.000000000000000111e-01 8.000000000000000444e-01 9.902795798671842897e-01 3.963031823775883117e-03 9.894080247902976577e-01
2.500000000000000000e-01 7.500000000000000000e-01 9.912201636044511988e-01 2.972872162119370547e-03 9.903476734810036097e-01
3.000000000000000444e-01 6.999999999999999556e-01 9.914744714781366097e-01 3.675490421392172032e-03 9.890607469145696884e-01
3.500000000000000333e-01 6.499999999999999112e-01 9.918457718057430705e-01 3.110903486565159189e-03 9.891943153283111467e-01
4.000000000000000222e-01 5.999999999999999778e-01 9.914738371097038261e-01 4.254267450363452205e-03 9.894939050419769844e-01
4.500000000000000111e-01 5.500000000000000444e-01 9.923907200333141887e-01 2.481090570367276010e-03 9.904662524308684990e-01
5.000000000000000000e-01 5.000000000000000000e-01 9.919171327565260432e-01 3.623593015456818157e-03 9.902528103211118982e-01
5.500000000000000444e-01 4.499999999999999556e-01 9.924931873867958165e-01 3.171586735809558358e-03 9.893041787221932282e-01
6.000000000000000888e-01 3.999999999999999112e-01 9.312416939433466601e-01 8.891655144969667912e-02 9.906559787506521442e-01
6.500000000000000222e-01 3.499999999999999778e-01 9.924523836875512872e-01 2.951266317808458502e-03 9.889484418725987824e-01
7.000000000000000666e-01 2.999999999999999334e-01 9.915003319479874788e-01 2.853308270971525312e-03 9.895887682018688070e-01
7.500000000000000000e-01 2.500000000000000000e-01 9.914587054918868603e-01 2.687303319950436198e-03 9.885531869423518359e-01
8.000000000000000444e-01 1.999999999999999556e-01 9.920130277641391325e-01 2.922769819243877572e-03 9.889004648180798052e-01
8.500000000000000888e-01 1.499999999999999112e-01 9.915547332815615178e-01 4.426726599820434392e-03 9.910909868034407655e-01
9.000000000000000222e-01 9.999999999999997780e-02 9.890104758112917560e-01 4.097091649116500756e-03 9.891381681923825386e-01
9.500000000000000666e-01 4.999999999999993339e-02 9.914488393256117860e-01 3.727729877232027408e-03 9.901292942245017992e-01
1.000000000000000000e+00 0.000000000000000000e+00 9.900963406156561009e-01 4.181096203983518909e-03 9.904765721002297685e-01
