0.000000000000000000e+00 1.000000000000000000e+00 5.435156549068208554e-01 1.151895830922293647e-02 5.943856551460851012e-01
1.111111111111111049e-01 8.888888888888888395e-01 6.258451991432792960e-01 2.754087450478998750e-02 6.479656052779136921e-01
2.222222222222222099e-01 7.777777777777777901e-01 6.233206495647086731e-01 2.745410629896502877e-02 6.369898354827550069e-01
3.333333333333333148e-01 6.666666666666667407e-01 6.240421807560493361e-01 2.803375741812352481e-02 6.419527922596963698e-01
4.444444444444444198e-01 5.555555555555555802e-01 6.233900242780789913e-01 2.682277075068192559e-02 6.422838548812350723e-01
5.555555555555555802e-01 4.444444444444444198e-01 6.291021900305024950e-01 2.090349047583410155e-02 6.527645220171556240e-01
6.666666666666666297e-01 3.333333333333333703e-01 6.212931503390912713e-01 3.062657617418228923e-02 6.454035981436633262e-01
7.777777777777776791e-01 2.222222222222223209e-01 6.204186029536316038e-01 2.327386649149350631e-02 6.420392860977559568e-01
8.888888888888888395e-01 1.111111111111111605e-01 6.234808262838438253e-01 2.643203341389847860e-02 6.435887188174800322e-01
1.000000000000000000e+00 0.000000000000000000e+00 6.257004854324687004e-01 2.507449962904468796e-02 6.456243065580224982e-01
