0.000000000000000000e+00 1.000000000000000000e+00 9.183774005258079631e-01 4.666703662701300603e-02 9.737938097405552940e-01
5.000000000000000278e-02 9.499999999999999556e-01 9.715681851417642401e-01 5.362518070088418722e-03 9.694287203932667740e-01
1.000000000000000056e-01 9.000000000000000222e-01 9.764170593141591192e-01 1.256153413245804547e-02 9.753647900493112033e-01
1.500000000000000222e-01 8.499999999999999778e-01 9.727094658748317579e-01 1.074628152669372845e-02 9.834044019067481601e-01
2.000000000000000111e-01 8.000000000000000444e-01 9.602911627442060061e-01 1.868533318474003765e-02 9.786365877712032146e-01
2.500000000000000000e-01 7.500000000000000000e-01 9.770648994785463559e-01 1.331107359623394382e-02 9.836948830627141316e-01
3.000000000000000444e-01 6.999999999999999556e-01 9.580501626265239823e-01 2.681110899751187188e-02 9.735510544682142164e-01
3.500000000000000333e-01 6.499999999999999112e-01 9.693496398026452132e-01 1.216544768154027671e-02 9.902279159839117995e-01
4.000000000000000222e-01 5.999999999999999778e-01 9.771109282825140019e-01 7.632910537637788151e-03 9.869590719499476972e-01
4.500000000000000111e-01 5.500000000000000444e-01 9.838256932301224778e-01 6.546067668046079424e-03 9.857710785043943824e-01
5.000000000000000000e-01 5.000000000000000000e-01 9.755626293963993723e-01 1.160043251171013513e-02 9.760185217516129663e-01
5.500000000000000444e-01 4.499999999999999556e-01 9.698764040942050579e-01 1.319985596698485669e-02 9.812118277968121527e-01
6.000000000000000888e-01 3.999999999999999112e-01 9.694833628575324491e-01 2.030115358571736583e-02 9.801547564861174955e-01
6.500000000000000222e-01 3.499999999999999778e-01 9.717347699676680550e-01 8.852561127126165608e-03 9.766460598838074825e-01
7.000000000000000666e-01 2.999999999999999334e-01 9.744522614089063950e-01 1.513757519768949532e-02 9.811276741010468427e-01
7.500000000000000000e-01 2.500000000000000000e-01 8.657592715471373879e-01 1.447110635979836080e-01 9.763288988209551933e-01
8.000000000000000444e-01 1.999999999999999556e-01 8.957444562101578578e-01 6.902866692740873555e-02 9.597993475952056874e-01
8.500000000000000888e-01 1.499999999999999112e-01 9.178539116817775456e-01 3.824917333203154551e-02 9.709016082536792158e-01
9.000000000000000222e-01 9.999999999999997780e-02 9.077078501623168094e-01 4.264699727872634655e-02 9.488013958428158645e-01
9.500000000000000666e-01 4.999999999999993339e-02 8.629135412292470164e-01 1.114428200831684007e-01 9.541868389691643415e-01
1.000000000000000000e+00 0.000000000000000000e+00 9.091714745430398148e-01 6.821010778212516223e-02 9.456256637839478563e-01
