0.000000000000000000e+00 1.000000000000000000e+00 8.148182852980783153e-01 2.472832811711201881e-02 8.317960804691558740e-01
1.111111111111111049e-01 8.888888888888888395e-01 8.302957756560834790e-01 2.727623542978344084e-02 8.401473535743447796e-01
2.222222222222222099e-01 7.777777777777777901e-01 7.885930086456177657e-01 5.773410166544143581e-03 8.175699440447641297e-01
3.333333333333333148e-01 6.666666666666667407e-01 7.789045718300409149e-01 2.724083997217184930e-02 8.359552358113508941e-01
4.444444444444444198e-01 5.555555555555555802e-01 7.743460369328044601e-01 1.363015979655193485e-02 8.286171063149481153e-01
5.555555555555555802e-01 4.444444444444444198e-01 7.911302600352069225e-01 3.581836554986264631e-02 8.344364508393284918e-01
6.666666666666666297e-01 3.333333333333333703e-01 8.259765045607204703e-01 3.002154858037581198e-02 8.351365897112315029e-01
7.777777777777776791e-01 2.222222222222223209e-01 8.155173711765980604e-01 3.167109200012620251e-02 8.204569074307771492e-01
8.888888888888888395e-01 1.111111111111111605e-01 8.232303260826773217e-01 3.850503695557168371e-02 8.518020191522530649e-01
1.000000000000000000e+00 0.000000000000000000e+00 8.277708498752863742e-01 4.456609208261310545e-02 8.434693044317422839e-01
