0.000000000000000000e+00 1.000000000000000000e+00 9.913049055675705601e-01 2.984275462791509317e-03 9.903964310519848269e-01
1.111111111111111049e-01 8.888888888888888395e-01 9.908098124519358896e-01 1.158826311622029133e-03 9.906101405139712268e-01
2.222222222222222099e-01 7.777777777777777901e-01 9.908859742929344572e-01 2.396524991015050107e-03 9.875492102641938441e-01
3.333333333333333148e-01 6.666666666666667407e-01 9.918059632185179941e-01 2.995389115531371139e-03 9.879998102736802235e-01
4.444444444444444198e-01 5.555555555555555802e-01 9.916871137550199444e-01 2.335362655431783181e-03 9.895887682018689180e-01
5.555555555555555802e-01 4.444444444444444198e-01 9.913908096759836974e-01 2.197769272769154510e-03 9.905611155907603216e-01
6.666666666666666297e-01 3.333333333333333703e-01 9.915094038626143247e-01 3.434236690897523887e-03 9.889806058663246358e-01
7.777777777777776791e-01 2.222222222222223209e-01 9.915373572685409753e-01 3.553708780772212548e-03 9.893545974248009189e-01
8.888888888888888395e-01 1.111111111111111605e-01 9.900821548003415629e-01 5.950040232183610202e-03 9.890874605973180023e-01
1.000000000000000000e+00 0.000000000000000000e+00 9.858350432238727201e-01 7.038846829801110282e-03 9.900156524213821196e-01
