0.000000000000000000e+00 1.000000000000000000e+00 8.896494104799413938e-01 6.125081098138038249e-02 9.667687695516162805e-01
1.111111111111111049e-01 8.888888888888888395e-01 9.592001915118100186e-01 1.162908990462004251e-02 9.718374120836312802e-01
2.222222222222222099e-01 7.777777777777777901e-01 8.866007694382408433e-01 9.716487930740826118e-02 9.725108101957214979e-01
3.333333333333333148e-01 6.666666666666667407e-01 9.672772428958249513e-01 1.833384887047127820e-02 9.912725309101743099e-01
4.444444444444444198e-01 5.555555555555555802e-01 9.740537239960661564e-01 9.271841297942361171e-03 9.785323253388946707e-01
5.555555555555555802e-01 4.444444444444444198e-01 9.690629633591215653e-01 1.025271296240813299e-02 9.850001862058691549e-01
6.666666666666666297e-01 3.333333333333333703e-01 9.757873724219114919e-01 5.898227884047854697e-03 9.837786757038582408e-01
7.777777777777776791e-01 2.222222222222223209e-01 9.752924705167593800e-01 7.059908812869279855e-03 9.849108073886487791e-01
8.888888888888888395e-01 1.111111111111111605e-01 9.718371366420405222e-01 5.816567582794174816e-03 9.829956800238343062e-01
1.000000000000000000e+00 0.000000000000000000e+00 9.210336038602785491e-01 5.437394357389174065e-02 9.783293506296464326e-01
