0.000000000000000000e+00 1.000000000000000000e+00 9.160360434157425180e-01 1.518650666717304924e-03 9.194485271955831207e-01
5.000000000000000278e-02 9.499999999999999556e-01 9.166409901870536947e-01 2.440947660499967389e-03 9.168733035059211112e-01
1.000000000000000056e-01 9.000000000000000222e-01 9.151845017662991744e-01 2.219593699515996950e-03 9.150624778808205129e-01
1.500000000000000222e-01 8.499999999999999778e-01 9.155760406158440778e-01 1.726337131730652959e-03 9.159160217350051925e-01
2.000000000000000111e-01 8.000000000000000444e-01 9.134010239144316756e-01 2.400411563070052254e-03 9.136857202463661842e-01
2.500000000000000000e-01 7.500000000000000000e-01 9.124588211940191096e-01 1.507977907708600313e-03 9.137622492623329595e-01
3.000000000000000444e-01 6.999999999999999556e-01 9.123699533726039590e-01 2.089879805225825903e-03 9.141852935062995122e-01
3.500000000000000333e-01 6.499999999999999112e-01 9.121164883014416525e-01 4.244807703553736718e-03 9.158262387345911248e-01
4.000000000000000222e-01 5.999999999999999778e-01 9.088103976291445063e-01 1.450486781702974015e-03 9.106624099286618756e-01
4.500000000000000111e-01 5.500000000000000444e-01 9.085418087169113699e-01 1.449628684120270097e-03 9.112115581881141679e-01
5.000000000000000000e-01 5.000000000000000000e-01 9.099342286969006599e-01 2.120039551482621933e-03 9.109785302019435260e-01
5.500000000000000444e-01 4.499999999999999556e-01 9.021148233003098982e-01 4.433040221360197604e-03 9.059849545672905569e-01
6.000000000000000888e-01 3.999999999999999112e-01 9.030421268172960092e-01 2.623249754615221245e-03 9.082272451708024441e-01
6.500000000000000222e-01 3.499999999999999778e-01 9.016365561643442383e-01 2.826877391433312188e-03 9.067031644015308700e-01
7.000000000000000666e-01 2.999999999999999334e-01 8.964479032082088850e-01 8.478135773152350660e-03 9.035396884614204094e-01
7.500000000000000000e-01 2.500000000000000000e-01 8.872632175145672706e-01 6.781907348884850043e-03 8.957121283359056330e-01
8.000000000000000444e-01 1.999999999999999556e-01 8.894483970495143943e-01 9.006559413494397495e-03 8.978087916636854349e-01
8.500000000000000888e-01 1.499999999999999112e-01 8.834129322209175461e-01 6.931106397490146946e-03 8.973371215939650591e-01
9.000000000000000222e-01 9.999999999999997780e-02 8.679777910155506149e-01 1.227328472020718791e-02 8.844789087688744722e-01
9.500000000000000666e-01 4.999999999999993339e-02 8.745418537293158101e-01 1.820800381810892127e-02 8.976397967195623995e-01
1.000000000000000000e+00 0.000000000000000000e+00 8.841766923346313645e-01 5.257763284202877745e-03 8.863012041882081249e-01
