0.000000000000000000e+00 1.000000000000000056e-01 6.728516778701120193e-01 2.124273478260451861e-02 7.240522017269466204e-01
0.000000000000000000e+00 2.000000000000000111e-01 6.269726499435996914e-01 7.085020098762211116e-02 7.253979695182711795e-01
0.000000000000000000e+00 3.000000000000000444e-01 6.718805683124600137e-01 5.328875098184649578e-02 7.077282454220232832e-01
0.000000000000000000e+00 4.000000000000000222e-01 5.990567834799968017e-01 6.625874852902498280e-02 6.805820087824712150e-01
0.000000000000000000e+00 5.000000000000000000e-01 5.061728104406612028e-01 1.546146695517728320e-01 7.132730695721777314e-01
0.000000000000000000e+00 5.999999999999999778e-01 5.485654019606323040e-01 8.111291101757682476e-02 6.320535640054720794e-01
0.000000000000000000e+00 7.000000000000000666e-01 6.493675849727316152e-01 6.063612915568299122e-02 6.862779129980235426e-01
0.000000000000000000e+00 8.000000000000000444e-01 6.579749777980491432e-01 6.043539102581679118e-02 6.682642526207589473e-01
0.000000000000000000e+00 9.000000000000000222e-01 4.981750869783183600e-01 8.677319885910700359e-02 6.017910724138191281e-01
0.000000000000000000e+00 1.000000000000000000e+00 5.604711084063295212e-01 1.769473689248906439e-02 5.695984400154184835e-01
1.000000000000000056e-01 1.000000000000000056e-01 7.074238106466103071e-01 3.515485991812893757e-02 7.157856477775780268e-01
1.000000000000000056e-01 2.000000000000000111e-01 6.652427586830813588e-01 5.836665190875735959e-02 7.246373556365062196e-01
1.000000000000000056e-01 3.000000000000000444e-01 6.599714060944429361e-01 7.747442198697836180e-02 7.385101360733130615e-01
1.000000000000000056e-01 4.000000000000000222e-01 5.647339541762567139e-01 6.774319230867131836e-02 6.885025809824067977e-01
1.000000000000000056e-01 5.000000000000000000e-01 5.702414834223304974e-01 1.305606114013270827e-02 6.611303447584908621e-01
1.000000000000000056e-01 5.999999999999999778e-01 5.366704317869129826e-01 8.249440579562745957e-02 6.596349870134112781e-01
1.000000000000000056e-01 7.000000000000000666e-01 7.067233498608495035e-01 1.696029633038862589e-02 6.974931391606904452e-01
1.000000000000000056e-01 8.000000000000000444e-01 6.360132183909891213e-01 6.816931658536777572e-02 6.836288536683067241e-01
1.000000000000000056e-01 9.000000000000000222e-01 6.031105712846128730e-01 1.620830371004899351e-01 7.064948340626865386e-01
1.000000000000000056e-01 1.000000000000000000e+00 5.737608360133905627e-01 6.702770417601955355e-02 6.515150671817078187e-01
2.000000000000000111e-01 1.000000000000000056e-01 6.735671235995370765e-01 7.424818200632170295e-03 6.795714545461293277e-01
2.000000000000000111e-01 2.000000000000000111e-01 6.679367877026729516e-01 4.619604932535163744e-02 7.127819886632797974e-01
2.000000000000000111e-01 3.000000000000000444e-01 6.412613170216739933e-01 1.700347375516746140e-02 7.247665059945900268e-01
2.000000000000000111e-01 4.000000000000000222e-01 6.771442075345138756e-01 9.033575320506130601e-02 7.389746729247441692e-01
2.000000000000000111e-01 5.000000000000000000e-01 6.901606911524975629e-01 3.516160275531573370e-02 7.097027786399203730e-01
2.000000000000000111e-01 5.999999999999999778e-01 6.354529280575068606e-01 6.933674283259233517e-02 7.441417416730647938e-01
2.000000000000000111e-01 7.000000000000000666e-01 6.766151885387209353e-01 5.300728240007979847e-02 7.287793831778753839e-01
2.000000000000000111e-01 8.000000000000000444e-01 6.735037511321775305e-01 3.840491924777749561e-02 7.053624769474532430e-01
2.000000000000000111e-01 9.000000000000000222e-01 6.198869111400459042e-01 9.934646093536646239e-02 6.913633059444272977e-01
2.000000000000000111e-01 1.000000000000000000e+00 5.376447509888699905e-01 1.086363200979145877e-01 7.266997658566269891e-01
3.000000000000000444e-01 1.000000000000000056e-01 7.151009386761170150e-01 2.281522925143479943e-02 7.272955732414273511e-01
3.000000000000000444e-01 2.000000000000000111e-01 6.716415439273855092e-01 4.201615806261497360e-02 7.248027508698564603e-01
3.000000000000000444e-01 3.000000000000000444e-01 6.033224934445555743e-01 1.139632703656895812e-01 7.038833167257462220e-01
3.000000000000000444e-01 4.000000000000000222e-01 5.997166628318095771e-01 1.114598901735821962e-01 7.158550729372559207e-01
3.000000000000000444e-01 5.000000000000000000e-01 6.371034532822913432e-01 1.215501964553121345e-01 7.312449973046704077e-01
3.000000000000000444e-01 5.999999999999999778e-01 4.884035496677463506e-01 1.603004959787064643e-01 6.859737432827699433e-01
3.000000000000000444e-01 7.000000000000000666e-01 5.461956651454910050e-01 1.303398648064309495e-01 6.773216485651014640e-01
3.000000000000000444e-01 8.000000000000000444e-01 5.362189424068521948e-01 1.458399188491639187e-01 7.434135580516006980e-01
3.000000000000000444e-01 9.000000000000000222e-01 6.234882655108696659e-01 7.540974739661898685e-02 7.387650143046387008e-01
3.000000000000000444e-01 1.000000000000000000e+00 5.727037744073458780e-01 1.153907881573873195e-01 6.371269150246772206e-01
4.000000000000000222e-01 1.000000000000000056e-01 6.815486527590928212e-01 2.498300462327316188e-02 7.410211025889356096e-01
4.000000000000000222e-01 2.000000000000000111e-01 6.206646884844274625e-01 7.556906457675817423e-02 6.810934871032556792e-01
4.000000000000000222e-01 3.000000000000000444e-01 6.317395366142249946e-01 1.179494397530441996e-01 7.304690690494470839e-01
4.000000000000000222e-01 4.000000000000000222e-01 7.071889544344470702e-01 2.586865091250768744e-02 7.308306709265174339e-01
4.000000000000000222e-01 5.000000000000000000e-01 6.484059812260264399e-01 7.512190434659742067e-02 7.072034026407879592e-01
4.000000000000000222e-01 5.999999999999999778e-01 5.841190540208270887e-01 1.252528502295051360e-01 7.037512565282785237e-01
4.000000000000000222e-01 7.000000000000000666e-01 5.326214710227267224e-01 8.462811431177855170e-02 6.342018965320090906e-01
4.000000000000000222e-01 8.000000000000000444e-01 5.994203801126180009e-01 1.574943389651213832e-01 7.448996819954507576e-01
4.000000000000000222e-01 9.000000000000000222e-01 5.150769533344154993e-01 4.464856929002313651e-02 5.410741705735334639e-01
4.000000000000000222e-01 1.000000000000000000e+00 5.979880989198562702e-01 1.177919665415856285e-02 6.872672215234330029e-01
5.000000000000000000e-01 1.000000000000000056e-01 6.757805046580259711e-01 4.134981822135919138e-02 7.361573398938006108e-01
5.000000000000000000e-01 2.000000000000000111e-01 7.009984251931239418e-01 4.994771135377248927e-02 7.443867716483982822e-01
5.000000000000000000e-01 3.000000000000000444e-01 6.580755694808702039e-01 6.037779064970040521e-02 7.048287240472418391e-01
5.000000000000000000e-01 4.000000000000000222e-01 6.866886252029131832e-01 4.257529215795267247e-02 7.507769492134537259e-01
5.000000000000000000e-01 5.000000000000000000e-01 6.528362732691420645e-01 5.239311167032925654e-02 6.970463082632322172e-01
5.000000000000000000e-01 5.999999999999999778e-01 5.057209299063174512e-01 9.220135297901597971e-02 6.940903845368896485e-01
5.000000000000000000e-01 7.000000000000000666e-01 5.763130989399206650e-01 9.172568757515547899e-02 6.898104284757501370e-01
5.000000000000000000e-01 8.000000000000000444e-01 6.238496642233065659e-01 1.234571511586472631e-01 7.224510469659695122e-01
5.000000000000000000e-01 9.000000000000000222e-01 6.422540526375950520e-01 7.103371820707748974e-02 7.391318996357219007e-01
5.000000000000000000e-01 1.000000000000000000e+00 5.232890451368703566e-01 1.618553189033468676e-01 7.184233498854952771e-01
6.000000000000000888e-01 1.000000000000000056e-01 6.912931871066225753e-01 3.293230884327252167e-02 7.206448776034999337e-01
6.000000000000000888e-01 2.000000000000000111e-01 7.126936948090993873e-01 2.621245932470392392e-02 7.548331496550930719e-01
6.000000000000000888e-01 3.000000000000000444e-01 5.618554451200142852e-01 8.639899004163209550e-02 6.429853600284182180e-01
6.000000000000000888e-01 4.000000000000000222e-01 7.125315395998037538e-01 1.118223719875126830e-02 7.460152000261365268e-01
6.000000000000000888e-01 5.000000000000000000e-01 5.215344617668694616e-01 1.337604142244468441e-01 7.219542774066025626e-01
6.000000000000000888e-01 5.999999999999999778e-01 6.482422463050804273e-01 4.439900639740710503e-02 6.712610253270752114e-01
6.000000000000000888e-01 7.000000000000000666e-01 7.086461415206546377e-01 5.901776181085822276e-02 7.325512625747303552e-01
6.000000000000000888e-01 8.000000000000000444e-01 6.009812205882381075e-01 1.434264765923084495e-01 7.142782929426737537e-01
6.000000000000000888e-01 9.000000000000000222e-01 5.730014143106808566e-01 1.376725992005971011e-01 6.674616528088603840e-01
6.000000000000000888e-01 1.000000000000000000e+00 6.383098981661795568e-01 7.967419964518074327e-02 7.019644295028071301e-01
7.000000000000000666e-01 1.000000000000000056e-01 7.114538728900458020e-01 1.840610122041667213e-02 7.201267621739058100e-01
7.000000000000000666e-01 2.000000000000000111e-01 6.653568990225720015e-01 4.075879202076306690e-02 7.192109626410965184e-01
7.000000000000000666e-01 3.000000000000000444e-01 6.006879264021529607e-01 5.612074205903536117e-02 6.982678804918789339e-01
7.000000000000000666e-01 4.000000000000000222e-01 5.526395117144899949e-01 1.134191801427651969e-01 7.217005636510039901e-01
7.000000000000000666e-01 5.000000000000000000e-01 6.068382580561347828e-01 1.771501668986447675e-01 7.636988715847906617e-01
7.000000000000000666e-01 5.999999999999999778e-01 7.121493604493348561e-01 2.700163921093826774e-02 7.227792116568927394e-01
7.000000000000000666e-01 7.000000000000000666e-01 6.030721876400269021e-01 8.105330195929812132e-02 6.902359244952558370e-01
7.000000000000000666e-01 8.000000000000000444e-01 6.071173709646028316e-01 9.901096469935397049e-02 7.282415498732804915e-01
7.000000000000000666e-01 9.000000000000000222e-01 5.750824958610409876e-01 1.032346573140732610e-01 7.225734991261369977e-01
7.000000000000000666e-01 1.000000000000000000e+00 6.957247742746986985e-01 4.179994072393612703e-02 7.456997239328945204e-01
8.000000000000000444e-01 1.000000000000000056e-01 6.953323179312017599e-01 1.359620381518117371e-02 7.303506378947023370e-01
8.000000000000000444e-01 2.000000000000000111e-01 7.023510212784378481e-01 6.929937865070229588e-03 7.219770086792607344e-01
8.000000000000000444e-01 3.000000000000000444e-01 5.958000615678585854e-01 1.818814039515681269e-01 7.379036868843622532e-01
8.000000000000000444e-01 4.000000000000000222e-01 6.574306284756937790e-01 6.117199284213068605e-02 7.546800725288727030e-01
8.000000000000000444e-01 5.000000000000000000e-01 5.473586229623362831e-01 2.413083551535489743e-02 5.517047215231012380e-01
8.000000000000000444e-01 5.999999999999999778e-01 6.952493187523510754e-01 2.244671167841531118e-02 7.338923419965042161e-01
8.000000000000000444e-01 7.000000000000000666e-01 6.574194875770303925e-01 6.746274665996099262e-02 7.158658896976017871e-01
8.000000000000000444e-01 8.000000000000000444e-01 6.071620912996101849e-01 8.448390180193461607e-02 7.316191886245655418e-01
8.000000000000000444e-01 9.000000000000000222e-01 6.506136520580710902e-01 7.566199995906465470e-02 6.927181175163761306e-01
8.000000000000000444e-01 1.000000000000000000e+00 6.091391381575296249e-01 1.189969820932170741e-01 7.047991162585555136e-01
9.000000000000000222e-01 1.000000000000000056e-01 6.594083334248340700e-01 4.502676479563581108e-02 7.333910342754730305e-01
9.000000000000000222e-01 2.000000000000000111e-01 7.091595481932849721e-01 2.433784066694081455e-02 7.255021072577879648e-01
9.000000000000000222e-01 3.000000000000000444e-01 6.034944032068260134e-01 4.720273655148769787e-02 6.513625301377835575e-01
9.000000000000000222e-01 4.000000000000000222e-01 6.948059267971496977e-01 2.405830651288456620e-02 7.277331878750096239e-01
9.000000000000000222e-01 5.000000000000000000e-01 6.089894107428608372e-01 4.548993156462594056e-02 6.555402181132721218e-01
9.000000000000000222e-01 5.999999999999999778e-01 6.577846257828849907e-01 6.383846878620234866e-02 7.237613734746883853e-01
9.000000000000000222e-01 7.000000000000000666e-01 6.093155621095335261e-01 7.354688230316361319e-02 7.143032164268096063e-01
9.000000000000000222e-01 8.000000000000000444e-01 6.348362147417528911e-01 3.716489624789692109e-02 6.479695205441328154e-01
9.000000000000000222e-01 9.000000000000000222e-01 5.221847987015509895e-01 6.383974093657648896e-02 6.423419965042389546e-01
9.000000000000000222e-01 1.000000000000000000e+00 5.769920102307927179e-01 8.099950870329288011e-02 6.980134920016476396e-01
1.000000000000000000e+00 1.000000000000000056e-01 6.812348571846528200e-01 3.938305680838867506e-02 7.182032212472320154e-01
1.000000000000000000e+00 2.000000000000000111e-01 6.328363790391351440e-01 3.360352690767814260e-02 6.819122956041623329e-01
1.000000000000000000e+00 3.000000000000000444e-01 6.760915947735478548e-01 7.479399549043386219e-02 7.475160086250551839e-01
1.000000000000000000e+00 4.000000000000000222e-01 7.185869492247963786e-01 2.586459929040663824e-02 7.346424582456687613e-01
1.000000000000000000e+00 5.000000000000000000e-01 7.089244449717635455e-01 1.536641110726811969e-02 7.161634023228841128e-01
1.000000000000000000e+00 5.999999999999999778e-01 6.821761175312861525e-01 5.119726285144580308e-02 7.179276181452863836e-01
1.000000000000000000e+00 7.000000000000000666e-01 5.857487863328323385e-01 1.767416487067079156e-01 7.400857084552070475e-01
1.000000000000000000e+00 8.000000000000000444e-01 6.943568443549645863e-01 1.642937478145079302e-02 7.277410686573990706e-01
1.000000000000000000e+00 9.000000000000000222e-01 6.804619876537723044e-01 3.909358107028669538e-02 7.478978470032834336e-01
1.000000000000000000e+00 1.000000000000000000e+00 7.084843077379933129e-01 1.748660329674866371e-02 7.280126435467271229e-01
