0.000000000000000000e+00 1.000000000000000000e+00 8.846345874085458361e-01 5.249821867059315840e-03 8.879396005733367625e-01
1.111111111111111049e-01 8.888888888888888395e-01 8.148131139644219090e-01 1.046922787504502433e-01 8.952638288441621128e-01
2.222222222222222099e-01 7.777777777777777901e-01 8.847034747767645868e-01 6.222222954774283415e-03 8.922307639236690679e-01
3.333333333333333148e-01 6.666666666666667407e-01 8.977023990795411912e-01 5.501947849803945183e-03 9.041613942783823799e-01
4.444444444444444198e-01 5.555555555555555802e-01 9.041202604063348636e-01 3.837828624279802491e-03 9.075690701450558340e-01
5.555555555555555802e-01 4.444444444444444198e-01 9.102409278872235499e-01 1.938484478292346784e-03 9.123372547710202340e-01
6.666666666666666297e-01 3.333333333333333703e-01 9.117193259151640250e-01 2.152501767134930039e-03 9.145161970699263732e-01
7.777777777777776791e-01 2.222222222222223209e-01 9.130809542464700668e-01 3.415758224776159133e-03 9.151853958423523672e-01
8.888888888888888395e-01 1.111111111111111605e-01 9.150080091133583338e-01 1.150069238852177928e-03 9.187792009809986338e-01
1.000000000000000000e+00 0.000000000000000000e+00 9.152003273327603550e-01 4.077924622945804448e-03 9.180499132310065979e-01
