0.000000000000000000e+00 1.000000000000000056e-01 9.294592939605214044e-01 1.299926061650504006e-02 9.645725337731699822e-01
0.000000000000000000e+00 2.000000000000000111e-01 8.884503024441982033e-01 6.442632883152644985e-02 9.301705340953430046e-01
0.000000000000000000e+00 3.000000000000000444e-01 8.785255240482366945e-01 4.634435274907015845e-02 9.280883667343470256e-01
0.000000000000000000e+00 4.000000000000000222e-01 8.817142650804391524e-01 3.738531495870837246e-02 9.563943213949104294e-01
0.000000000000000000e+00 5.000000000000000000e-01 8.767255879180972933e-01 6.120530018230983804e-02 8.986706723217090520e-01
0.000000000000000000e+00 5.999999999999999778e-01 9.464565468738768139e-01 1.975989532194592693e-03 9.691718718517027265e-01
0.000000000000000000e+00 7.000000000000000666e-01 8.971423468096838549e-01 4.697123454924029273e-02 9.702447573044298279e-01
0.000000000000000000e+00 8.000000000000000444e-01 9.050194052429305636e-01 6.055039549446000757e-02 9.605017328834721813e-01
0.000000000000000000e+00 9.000000000000000222e-01 9.231684145828614740e-01 1.568490645110136176e-03 9.489868049010367068e-01
0.000000000000000000e+00 1.000000000000000000e+00 8.522468040248036836e-01 1.030135941169262603e-01 9.525359454837593054e-01
1.000000000000000056e-01 1.000000000000000056e-01 9.373417969840275310e-01 1.550958611738823337e-02 9.407889569588437917e-01
1.000000000000000056e-01 2.000000000000000111e-01 9.289402997047946364e-01 4.241417011213711313e-02 9.815480711108355294e-01
1.000000000000000056e-01 3.000000000000000444e-01 9.285884406166123872e-01 4.530501712459514274e-02 9.591406734145837554e-01
1.000000000000000056e-01 4.000000000000000222e-01 8.232504596425268550e-01 1.763784608249209518e-02 9.416502632299528219e-01
1.000000000000000056e-01 5.000000000000000000e-01 8.544513720748269092e-01 6.063819005581905924e-02 9.583554233427584723e-01
1.000000000000000056e-01 5.999999999999999778e-01 8.804110030646192797e-01 4.691970364821237277e-02 9.548840909912841290e-01
1.000000000000000056e-01 7.000000000000000666e-01 9.015974706430501806e-01 4.879164440366746264e-02 9.712928055293748031e-01
1.000000000000000056e-01 8.000000000000000444e-01 8.904750788437519882e-01 5.248241116943881679e-02 9.757029080309393976e-01
1.000000000000000056e-01 9.000000000000000222e-01 8.696978410098288315e-01 2.990489384033959142e-02 9.158002249305698950e-01
1.000000000000000056e-01 1.000000000000000000e+00 8.664943482802076602e-01 7.139762237843723901e-03 8.910668001885014844e-01
2.000000000000000111e-01 1.000000000000000056e-01 9.666537392563760989e-01 4.150075139924686018e-03 9.789054387079775266e-01
2.000000000000000111e-01 2.000000000000000111e-01 9.289103142352175269e-01 2.187266748392657778e-02 9.691982831829970557e-01
2.000000000000000111e-01 3.000000000000000444e-01 9.281298507527789843e-01 1.149264646382850731e-02 9.370515733663843383e-01
2.000000000000000111e-01 4.000000000000000222e-01 9.561713806833026519e-01 7.979085199988293631e-03 9.687819077913917276e-01
2.000000000000000111e-01 5.000000000000000000e-01 9.403845664613407207e-01 1.755568000420888730e-02 9.687947219682058186e-01
2.000000000000000111e-01 5.999999999999999778e-01 9.401879406096226299e-01 1.530231479124955114e-02 9.625672518064718464e-01
2.000000000000000111e-01 7.000000000000000666e-01 8.827500261955272265e-01 5.930439742487459559e-02 9.705761074458058024e-01
2.000000000000000111e-01 8.000000000000000444e-01 8.413103173272205026e-01 6.270110585004436132e-02 9.480393889412503938e-01
2.000000000000000111e-01 9.000000000000000222e-01 9.071294599614768694e-01 1.290330936733175525e-02 9.388556083453831747e-01
2.000000000000000111e-01 1.000000000000000000e+00 9.022496590201387612e-01 2.736748267225540612e-02 9.331129931832266022e-01
3.000000000000000444e-01 1.000000000000000056e-01 9.401011434888295604e-01 8.345590793780820540e-03 9.663109091326401723e-01
3.000000000000000444e-01 2.000000000000000111e-01 9.446422707813512121e-01 1.408268633936967870e-02 9.628972344064022915e-01
3.000000000000000444e-01 3.000000000000000444e-01 9.398182418386061832e-01 1.214499310981956987e-02 9.563797744333710771e-01
3.000000000000000444e-01 4.000000000000000222e-01 9.483979137249987090e-01 2.312906301778393237e-02 9.558579643205877829e-01
3.000000000000000444e-01 5.000000000000000000e-01 9.480639876558226709e-01 2.255919598733587689e-02 9.781128784227317574e-01
3.000000000000000444e-01 5.999999999999999778e-01 9.354245358525389298e-01 1.151801109855271101e-02 9.554136507592078109e-01
3.000000000000000444e-01 7.000000000000000666e-01 9.086587646333166290e-01 1.628042973405362248e-02 9.322316325827997296e-01
3.000000000000000444e-01 8.000000000000000444e-01 9.030425486870564677e-01 4.432258534199782357e-02 9.320021115931050870e-01
3.000000000000000444e-01 9.000000000000000222e-01 9.411337488723429123e-01 1.253902712025817268e-02 9.585370332116873726e-01
3.000000000000000444e-01 1.000000000000000000e+00 9.350955928521171856e-01 2.887988111297221452e-02 9.642222681264202011e-01
4.000000000000000222e-01 1.000000000000000056e-01 8.967992345184542247e-01 4.386660859724575423e-02 9.602870719447063053e-01
4.000000000000000222e-01 2.000000000000000111e-01 9.385828170406492754e-01 1.638037799762254512e-02 9.646099081924186525e-01
4.000000000000000222e-01 3.000000000000000444e-01 9.439507734788032955e-01 1.534226753933824565e-02 9.687438316234019409e-01
4.000000000000000222e-01 4.000000000000000222e-01 9.559507727957702317e-01 7.230755702247593578e-03 9.530525891597823041e-01
4.000000000000000222e-01 5.000000000000000000e-01 9.555386275895864090e-01 8.236727184681682384e-03 9.678541273955387769e-01
4.000000000000000222e-01 5.999999999999999778e-01 9.425497110228401310e-01 2.625433142397150602e-02 9.473865064404649594e-01
4.000000000000000222e-01 7.000000000000000666e-01 9.539358054324370562e-01 1.793157274538489596e-02 9.721193240234143884e-01
4.000000000000000222e-01 8.000000000000000444e-01 9.162742535569595725e-01 3.837368179489349801e-02 9.780256604466478487e-01
4.000000000000000222e-01 9.000000000000000222e-01 8.950299293903357656e-01 5.754752283801017887e-02 9.707601908576815042e-01
4.000000000000000222e-01 1.000000000000000000e+00 9.379783066187260543e-01 1.343253156395706784e-02 9.608849072882924558e-01
5.000000000000000000e-01 1.000000000000000056e-01 9.276932118415158746e-01 2.431583438322630630e-02 9.616011384241088811e-01
5.000000000000000000e-01 2.000000000000000111e-01 9.571261699272479717e-01 1.635163748195062744e-02 9.753082783537544431e-01
5.000000000000000000e-01 3.000000000000000444e-01 9.185214388032693078e-01 3.336162112338488667e-02 9.429502628015331567e-01
5.000000000000000000e-01 4.000000000000000222e-01 9.298775511895766011e-01 3.560666401157738803e-02 9.749179462461842194e-01
5.000000000000000000e-01 5.000000000000000000e-01 9.401471632107339937e-01 2.215361680796358937e-02 9.693010327707083373e-01
5.000000000000000000e-01 5.999999999999999778e-01 9.405875901444865628e-01 4.858100050710376615e-03 9.604764855746058538e-01
5.000000000000000000e-01 7.000000000000000666e-01 9.186941188641818412e-01 3.694077916780826726e-02 9.510294016387799143e-01
5.000000000000000000e-01 8.000000000000000444e-01 9.125622847283517691e-01 3.522518283041990023e-02 9.715432663246486023e-01
5.000000000000000000e-01 9.000000000000000222e-01 9.122443699451405763e-01 1.260920567640986222e-02 9.419174183479078755e-01
5.000000000000000000e-01 1.000000000000000000e+00 9.511624016869553166e-01 1.033887339652827392e-02 9.722459017240400181e-01
6.000000000000000888e-01 1.000000000000000056e-01 9.271213567600499195e-01 1.598731970580427944e-02 9.615345773370974625e-01
6.000000000000000888e-01 2.000000000000000111e-01 9.376545669512966752e-01 3.243482539898711464e-02 9.769698638940531588e-01
6.000000000000000888e-01 3.000000000000000444e-01 9.323685525005779295e-01 2.252019070820673527e-02 9.526134420351628496e-01
6.000000000000000888e-01 4.000000000000000222e-01 9.296205737142502201e-01 9.768329930965600691e-03 9.514149969014665809e-01
6.000000000000000888e-01 5.000000000000000000e-01 9.410284492560473391e-01 8.985189166716858397e-03 9.662011707145699013e-01
6.000000000000000888e-01 5.999999999999999778e-01 9.380831992140646891e-01 2.120877279011149780e-02 9.646925711805823811e-01
6.000000000000000888e-01 7.000000000000000666e-01 9.277135425709420735e-01 3.937991864223528565e-02 9.737496844086391823e-01
6.000000000000000888e-01 8.000000000000000444e-01 9.506618967499340656e-01 6.514744688610481400e-03 9.623172439119557220e-01
6.000000000000000888e-01 9.000000000000000222e-01 9.472385108442856749e-01 8.589082166602304488e-03 9.670269792648445994e-01
6.000000000000000888e-01 1.000000000000000000e+00 9.441626355455271513e-01 9.930178964988795043e-03 9.823979499578935348e-01
7.000000000000000666e-01 1.000000000000000056e-01 9.396252126512104619e-01 8.563098714902650857e-03 9.558941293779092963e-01
7.000000000000000666e-01 2.000000000000000111e-01 9.420856555388562592e-01 1.736782898815211057e-02 9.733127709150276585e-01
7.000000000000000666e-01 3.000000000000000444e-01 9.086746787429461625e-01 1.355026083316555711e-02 9.396157320138234237e-01
7.000000000000000666e-01 4.000000000000000222e-01 9.587266026421841225e-01 7.153571787840418833e-03 9.602423741651172628e-01
7.000000000000000666e-01 5.000000000000000000e-01 9.346800282756757561e-01 2.108547020441152442e-02 9.662512336753196207e-01
7.000000000000000666e-01 5.999999999999999778e-01 9.259767738577336926e-01 4.427822430327690156e-02 9.738896088595664358e-01
7.000000000000000666e-01 7.000000000000000666e-01 9.464898485791088945e-01 1.372445339491385093e-02 9.606552387684573757e-01
7.000000000000000666e-01 8.000000000000000444e-01 9.719813618763381013e-01 7.486249188137095037e-04 9.810553375106153551e-01
7.000000000000000666e-01 9.000000000000000222e-01 9.144206148451194949e-01 1.362014574751124751e-02 9.154460959820621690e-01
7.000000000000000666e-01 1.000000000000000000e+00 9.527723800244279895e-01 1.482661680886088879e-02 9.647700677319859253e-01
8.000000000000000444e-01 1.000000000000000056e-01 9.133538558743686808e-01 2.985360829652376063e-02 9.592508434896370728e-01
8.000000000000000444e-01 2.000000000000000111e-01 9.338907397569911062e-01 2.571901931322083737e-02 9.601505657692396278e-01
8.000000000000000444e-01 3.000000000000000444e-01 9.499417921968144052e-01 2.125662592474637791e-02 9.789345635658380784e-01
8.000000000000000444e-01 4.000000000000000222e-01 9.296342028875006491e-01 2.039536163412961414e-02 9.529440939878174310e-01
8.000000000000000444e-01 5.000000000000000000e-01 9.361179755395766522e-01 1.392471722938009616e-02 9.652548696198555156e-01
8.000000000000000444e-01 5.999999999999999778e-01 9.342427028600016614e-01 1.682279288431570013e-02 9.758406206247560721e-01
8.000000000000000444e-01 7.000000000000000666e-01 9.083193746981287342e-01 2.379867551272845522e-02 9.420259974866478370e-01
8.000000000000000444e-01 8.000000000000000444e-01 9.387287481185953020e-01 7.281171551717324081e-03 9.589035787907438380e-01
8.000000000000000444e-01 9.000000000000000222e-01 9.590628530099553073e-01 1.140014680026284200e-02 9.729046224109693108e-01
8.000000000000000444e-01 1.000000000000000000e+00 9.141128163583855937e-01 4.542194641555735019e-02 9.634629592316474866e-01
9.000000000000000222e-01 1.000000000000000056e-01 9.275023215248814346e-01 2.941937243741260533e-02 9.501128866432110298e-01
9.000000000000000222e-01 2.000000000000000111e-01 9.383026782882321060e-01 1.076764133244329479e-02 9.660492552043884462e-01
9.000000000000000222e-01 3.000000000000000444e-01 9.598893252015233690e-01 1.225723679455276681e-02 9.723440640224844111e-01
9.000000000000000222e-01 4.000000000000000222e-01 9.524700227294337074e-01 1.501712348900857176e-02 9.755055199798021714e-01
9.000000000000000222e-01 5.000000000000000000e-01 9.429860705681228916e-01 1.669639199451368461e-02 9.700888246230118250e-01
9.000000000000000222e-01 5.999999999999999778e-01 9.186876142551178015e-01 9.904189983959579488e-03 9.470379751806471402e-01
9.000000000000000222e-01 7.000000000000000666e-01 9.269659241704250041e-01 3.753804537500764898e-02 9.600808985234056125e-01
9.000000000000000222e-01 8.000000000000000444e-01 9.570826622290843355e-01 2.044358437467342846e-02 9.731965388234753433e-01
9.000000000000000222e-01 9.000000000000000222e-01 9.353752066103225848e-01 2.250910730257864659e-02 9.455199243633657380e-01
9.000000000000000222e-01 1.000000000000000000e+00 9.482134948579302725e-01 2.160677290101562995e-02 9.670024348099277578e-01
1.000000000000000000e+00 1.000000000000000056e-01 9.288101692607818594e-01 2.229644024451812520e-02 9.627448245219754064e-01
1.000000000000000000e+00 2.000000000000000111e-01 9.439132532534962872e-01 1.097749653529268496e-02 9.751287734362487081e-01
1.000000000000000000e+00 3.000000000000000444e-01 9.359142275471957761e-01 1.931356323007477060e-02 9.664129946217392408e-01
1.000000000000000000e+00 4.000000000000000222e-01 9.271324327761772954e-01 1.659204243447152255e-02 9.547940229343386820e-01
1.000000000000000000e+00 5.000000000000000000e-01 9.195540629946158395e-01 5.046860595055192855e-02 9.584452248158094045e-01
1.000000000000000000e+00 5.999999999999999778e-01 9.340053748807791711e-01 1.741740819601967152e-02 9.473746751602886151e-01
1.000000000000000000e+00 7.000000000000000666e-01 9.025589620031816418e-01 5.024908542893165991e-02 9.718671457744266773e-01
1.000000000000000000e+00 8.000000000000000444e-01 9.654392856189702998e-01 7.261714362972202484e-03 9.729716462456801107e-01
1.000000000000000000e+00 9.000000000000000222e-01 9.580049500569595144e-01 7.123611987195544240e-03 9.642360393858018242e-01
1.000000000000000000e+00 1.000000000000000000e+00 9.582230591614511184e-01 9.789627812280802047e-03 9.749169495290793686e-01
