0.000000000000000000e+00 1.000000000000000000e+00 5.992730597256391567e-01 3.895243913319656331e-02 6.432911789297658389e-01
1.111111111111111049e-01 8.888888888888888395e-01 6.303959736206062869e-01 1.265568271382721405e-02 6.487416387959865638e-01
2.222222222222222099e-01 7.777777777777777901e-01 6.324535005685182343e-01 1.315373827604866645e-02 6.647470735785954155e-01
3.333333333333333148e-01 6.666666666666667407e-01 6.333259864884043244e-01 1.286939045109647579e-02 6.629807495671378170e-01
4.444444444444444198e-01 5.555555555555555802e-01 6.319718158086236048e-01 1.304849526986158643e-02 6.587680131971807018e-01
5.555555555555555802e-01 4.444444444444444198e-01 6.328366498162143472e-01 1.317847980449908009e-02 6.625257331388295645e-01
6.666666666666666297e-01 3.333333333333333703e-01 6.332906426284460322e-01 1.333834019197481513e-02 6.771829710144927628e-01
7.777777777777776791e-01 2.222222222222223209e-01 6.416031142525818742e-01 1.552208480328681750e-02 6.737841415830547742e-01
8.888888888888888395e-01 1.111111111111111605e-01 6.373461601754059069e-01 1.679277302969364380e-02 6.639865523968785377e-01
1.000000000000000000e+00 0.000000000000000000e+00 6.656370474374587731e-01 1.365722666994193847e-02 6.996686872909698707e-01
