0.000000000000000000e+00 1.000000000000000000e+00 6.522171082245037388e-01 5.479076756432454259e-03 6.660092670011148464e-01
5.000000000000000278e-02 9.499999999999999556e-01 6.522657256692404593e-01 3.011933395336583927e-02 7.052295847268673645e-01
1.000000000000000056e-01 9.000000000000000222e-01 6.415896312750769548e-01 1.411568680556497292e-02 6.702166945373466689e-01
1.500000000000000222e-01 8.499999999999999778e-01 6.472377478629410819e-01 2.182412115817529766e-02 6.660608869923243525e-01
2.000000000000000111e-01 8.000000000000000444e-01 6.569375078211888708e-01 2.651266002507667377e-02 6.964774944258640410e-01
2.500000000000000000e-01 7.500000000000000000e-01 6.370638473594738560e-01 1.690698199173683997e-02 6.664844620958750854e-01
3.000000000000000444e-01 6.999999999999999556e-01 6.391635511626679866e-01 1.018929675193643546e-02 6.552279730602453833e-01
3.500000000000000333e-01 6.499999999999999112e-01 6.363573218090133876e-01 1.151422061781317077e-02 6.555239687848383179e-01
4.000000000000000222e-01 5.999999999999999778e-01 6.394231073959631972e-01 1.492705886266549632e-02 6.597923634336677612e-01
4.500000000000000111e-01 5.500000000000000444e-01 6.341507601541946926e-01 1.199794051178402869e-02 6.624926839464883033e-01
5.000000000000000000e-01 5.000000000000000000e-01 6.341612134553350488e-01 1.184981297156408216e-02 6.631385567628734767e-01
5.500000000000000444e-01 4.499999999999999556e-01 6.356335240317020352e-01 1.334755765995348196e-02 6.614102564102564141e-01
6.000000000000000888e-01 3.999999999999999112e-01 6.351545403307189419e-01 1.164279072835053448e-02 6.540283584169455100e-01
6.500000000000000222e-01 3.499999999999999778e-01 6.352178563722717941e-01 1.230773078478272081e-02 6.602177396878484705e-01
7.000000000000000666e-01 2.999999999999999334e-01 6.346198094611038565e-01 1.020830633684544249e-02 6.980859810479375094e-01
7.500000000000000000e-01 2.500000000000000000e-01 6.315868029213963508e-01 1.176813645919947207e-02 6.585228539576364337e-01
8.000000000000000444e-01 1.999999999999999556e-01 6.319665986298542704e-01 1.389179967203350331e-02 6.735291248606465331e-01
8.500000000000000888e-01 1.499999999999999112e-01 6.329291039504602034e-01 1.168565251206135115e-02 6.566691053511707343e-01
9.000000000000000222e-01 9.999999999999997780e-02 6.315124845845879742e-01 1.210497817257660293e-02 6.675982441471571827e-01
9.500000000000000666e-01 4.999999999999993339e-02 6.292876057112919419e-01 1.165503609936834051e-02 6.455253623188405010e-01
1.000000000000000000e+00 0.000000000000000000e+00 6.170922620953639415e-01 9.659224880802737279e-03 6.379094012362764854e-01
