0.000000000000000000e+00 1.000000000000000000e+00 8.682024573771087717e-01 2.578091328069803678e-02 9.208290298147766562e-01
1.111111111111111049e-01 8.888888888888888395e-01 6.132490684443001605e-01 2.936186250432942790e-02 6.349744084096491381e-01
2.222222222222222099e-01 7.777777777777777901e-01 6.232495915045911383e-01 2.693157094044912759e-03 8.138868653678245080e-01
3.333333333333333148e-01 6.666666666666667407e-01 6.119106996017963374e-01 2.422343198779380868e-02 6.069590764075375455e-01
4.444444444444444198e-01 5.555555555555555802e-01 6.192141454156093738e-01 3.199603876419516990e-02 7.101195804356309482e-01
5.555555555555555802e-01 4.444444444444444198e-01 6.345827387211906423e-01 4.563951753571551112e-02 7.873443881558278568e-01
6.666666666666666297e-01 3.333333333333333703e-01 6.385310740331658907e-01 1.051775907619701203e-02 7.331302923686562334e-01
7.777777777777776791e-01 2.222222222222223209e-01 6.312532446160741273e-01 3.071888240903502404e-02 7.185338199178314955e-01
8.888888888888888395e-01 1.111111111111111605e-01 6.333514931051998920e-01 1.886225204780822215e-02 7.688045381980501691e-01
1.000000000000000000e+00 0.000000000000000000e+00 6.359516330293368824e-01 1.691346505538039724e-02 7.467283539215838761e-01
