0.000000000000000000e+00 1.000000000000000000e+00 5.967028979632352792e-01 4.133124543708412840e-02 6.493138509001298297e-01
1.111111111111111049e-01 8.888888888888888395e-01 6.160527023520924184e-01 7.315032295921711572e-03 6.436680524464342135e-01
2.222222222222222099e-01 7.777777777777777901e-01 6.158443019546961938e-01 9.049320765148052143e-03 6.422454335107884438e-01
3.333333333333333148e-01 6.666666666666667407e-01 6.169399040234421205e-01 8.605426804577934879e-03 6.437053721742966861e-01
4.444444444444444198e-01 5.555555555555555802e-01 6.163657277108613997e-01 7.178548509458956665e-03 6.424970371903159228e-01
5.555555555555555802e-01 4.444444444444444198e-01 6.165483467572726584e-01 9.482376980880722825e-03 6.422419063564024366e-01
6.666666666666666297e-01 3.333333333333333703e-01 6.153774243352536644e-01 8.453657235755578092e-03 6.443546718335559920e-01
7.777777777777776791e-01 2.222222222222223209e-01 6.166755586376670983e-01 8.524606028860718179e-03 6.386477360371715095e-01
8.888888888888888395e-01 1.111111111111111605e-01 6.168839779542650836e-01 7.507791019985873837e-03 6.427603980511296111e-01
1.000000000000000000e+00 0.000000000000000000e+00 6.167312994802087722e-01 8.997208980269563033e-03 6.404324761564363921e-01
