0.000000000000000000e+00 1.000000000000000000e+00 8.189401626802442768e-01 2.752323605754958616e-02 8.181177029216244456e-01
1.111111111111111049e-01 8.888888888888888395e-01 7.620091532716100069e-01 1.008038139551016565e-02 7.411960306862513947e-01
2.222222222222222099e-01 7.777777777777777901e-01 7.853670487323292093e-01 3.059716150268995682e-02 7.642170828445338238e-01
3.333333333333333148e-01 6.666666666666667407e-01 7.662851782343095275e-01 1.322681437867905159e-02 7.537777219149769392e-01
4.444444444444444198e-01 5.555555555555555802e-01 7.690699636879023693e-01 3.777799046205191497e-02 7.736758044667870760e-01
5.555555555555555802e-01 4.444444444444444198e-01 7.592065469993913851e-01 1.148706919946603650e-02 7.623975597622600908e-01
6.666666666666666297e-01 3.333333333333333703e-01 7.785727484311939506e-01 3.437517998322801166e-02 7.542455728730238507e-01
7.777777777777776791e-01 2.222222222222223209e-01 7.766512954715524275e-01 4.471115423904659103e-02 7.711580358639182897e-01
8.888888888888888395e-01 1.111111111111111605e-01 7.897347380642458781e-01 3.729626607807275118e-02 7.920168617285890944e-01
1.000000000000000000e+00 0.000000000000000000e+00 7.700864975708204829e-01 4.998922987509798327e-02 7.630020669236355912e-01
