0.000000000000000000e+00 1.000000000000000000e+00 9.804815075104268418e-01 7.420907158246448955e-03 9.955634427684116883e-01
5.000000000000000278e-02 9.499999999999999556e-01 9.907945280428430701e-01 2.855926278490431621e-03 9.953416149068323726e-01
1.000000000000000056e-01 9.000000000000000222e-01 9.212765850178054050e-01 1.000880561965374338e-01 9.931233362910382167e-01
1.500000000000000222e-01 8.499999999999999778e-01 9.900055997598755653e-01 4.559322391177174187e-03 9.962289263531499683e-01
2.000000000000000111e-01 8.000000000000000444e-01 9.903646636466048037e-01 3.117563445096050139e-03 9.957298136645963416e-01
2.500000000000000000e-01 7.500000000000000000e-01 9.885201637956803067e-01 5.794040076845662947e-03 9.932897071872226480e-01
3.000000000000000444e-01 6.999999999999999556e-01 9.898079893431791509e-01 3.976328596070391290e-03 9.956466282165039594e-01
3.500000000000000333e-01 6.499999999999999112e-01 9.910615456255347233e-01 3.308439378485686626e-03 9.951752440106478304e-01
4.000000000000000222e-01 5.999999999999999778e-01 9.900405365683163650e-01 3.586201860141306937e-03 9.940383762200533102e-01
4.500000000000000111e-01 5.500000000000000444e-01 9.899515990752968397e-01 3.750270445545967300e-03 9.947593167701862527e-01
5.000000000000000000e-01 5.000000000000000000e-01 9.901166886827187374e-01 2.913590052317320805e-03 9.948147737355811371e-01
5.500000000000000444e-01 4.499999999999999556e-01 9.903418586463867967e-01 3.610638727748029155e-03 9.954248003549245327e-01
6.000000000000000888e-01 3.999999999999999112e-01 9.909161625503449811e-01 3.436024234611257267e-03 9.947038598047913682e-01
6.500000000000000222e-01 3.499999999999999778e-01 9.905440011273459744e-01 3.173142790235706622e-03 9.958407275953859994e-01
7.000000000000000666e-01 2.999999999999999334e-01 9.907065896228989255e-01 3.421926528014475506e-03 9.954525288376220304e-01
7.500000000000000000e-01 2.500000000000000000e-01 9.905101926899507747e-01 2.602032456458458487e-03 9.957575421472937283e-01
8.000000000000000444e-01 1.999999999999999556e-01 9.901092409360913171e-01 1.921690200076891673e-03 9.959239130434782705e-01
8.500000000000000888e-01 1.499999999999999112e-01 9.904146233317202563e-01 3.583878862594084679e-03 9.957298136645963416e-01
9.000000000000000222e-01 9.999999999999997780e-02 9.887082330506412609e-01 1.587942129450299177e-03 9.951475155279503326e-01
9.500000000000000666e-01 4.999999999999993339e-02 9.891086631506422755e-01 2.023921425855080940e-03 9.959516415261756572e-01
1.000000000000000000e+00 0.000000000000000000e+00 9.909480124890848174e-01 3.248061930017245077e-03 9.954248003549245327e-01
